Textures/grave2.bmp
10 10
7 10
1
                  
                  
       3002       
     F 1  1F      
   30009D 80002   
 F 1   1  1   1F  
   1E  1  1 E 1   
  36070600607062  
  1  1      1  1  
  1  1 3002 1  1  
  800:09  80:009  
  1  1 1C 1 1  1  
  1A 1 4005 1A 1  
  8009      8009  
  1  40700705  1  
  1F   1  1  F 1  
  80070:00:07009  
  1  1 1  1 1  1  
  40060600606005  
                  
                  
                  
                  
                  
*
                                    
                                    
                                    
                                    
              1 11111               
                                    
              1     1               
              1     1               
      1 1111112     2 1111111       
                                    
      1       1     1       1       
      1       1     1       1       
      1       1     1       1       
      1       1     1       1       
    3 1 111 111 11111 111 111 3     
                                    
    1     1             1     1     
    1     1             1     1     
    1     1             1     1     
    1     1             1     1     
    1 11111             1 11111     
                                    
    1     1             1     1     
    1     1             1     1     
    1     1             1     1     
    1     1             1     1     
    1 11111             1 11111     
                                    
    1     > 111 11111 11=     1     
    1                         1     
    1         1     1         1     
    1         1     1         1     
    1 11111 111 11111 111 11111     
                                    
    1     1   1     1   1     1     
    1     1   1     1   1     1     
    2 11114 111 11111 114 11112     
                                    
                                    
                                    
                                    
                                    
                                    
                                    
                                    
                                    
                                    
                                    
*