Textures/classic3.bmp
3 5
15 5
1
                  
      3007002     
      1  1  1     
   300:07670:002  
   1  1 1 1 1  1  
   800:09 80:009  
   1  1 1 1 1  1  
   400:06760:005  
      1  1  1     
      4006005     
                  
*
                                    
                                    
            1 1111: 11113           
                                    
            1     1     1           
            1     1     1           
      1 11112 111 1 1 111     6     
                                    
      1     1   1   1   1           
      1     1   1   1   1           
      1 11111 111   1 111           
                                    
      1     1   1   1   1           
      1     1   1   1   1           
      1 11111 111 1 1 112     6     
                                    
            1     1     1           
            1     1     1           
            3 1111> 11111           
                                    
                                    
                                    
*