Textures/desert1.bmp
10 7
7 7
1
                  
                  
307002      300702
1 1  802  309  1 1
409  1 1C 1 1  805
  400:0:00:0:005  
     1 1  1 1     
     80:00:09     
     1 1  1 1     
 D   1 1  1 1D    
30700:0:00:0:00702
1 1  1 1  1 1  1 1
40600605B 40600605
                  
                  
*
                                    
                                    
                                    
                                    
2 111 11113             1 11111 112 
                                    
1   1     1 111     1 111     1   1 
1   1                         1   1 
1 111     1   1     1   1     1 111 
          1   1     1   1           
    5 11111 111 11111 111 1111=     
                                    
          1   1     1   1           
          1   1     1   1           
          1 111 11111 111           
                                    
          1   1     1   1           
          1   1     1   1           
          1   1     1   1           
          1   1     1   1           
1 11> 11111 111 11111 111 11116 111 
                                    
1   1     1   1     1   1     1   1 
1   1     1   1     1   1     1   1 
2 111 11111 111     1 113 11111 112 
                                    
                                    
                                    
                                    
                                    
*