Textures/town2.bmp
9 0
9 180
0
       30002      
       1   1      
  300009   800002 
  1    1B  1    1 
  1    40005    1 
  1             1 
  1C         C  1 
 36070000000007062
 1  1         1  1
 1F 1G      G 1F 1
 1  1         1  1
 1  1         1  1
 1  1   A     1  1
 80060000700006009
 1       1       1
 1       1       1
 1  E    1   E   1
 80000000600000009
 1               1
 1F G    H   G F 1
 1               1
 800002     300009
 1    1   E 1    1
 1    1     1    1
 1    1     1    1
 1A   1E    1A   1
 80000:00000:00009
 1    1     1    1
 1    1E    1    1
 1    1     1    1
 1A   1     1A   1
 800005   E 400009
 1               1
 1 G          G  1
 1               1
 1       H       1
 1 E         E   1
 80007000700070009
 1   1   1   1   1
 1F  1   1   1 F 1
 1   1   1   1   1
 80706070607060709
 1 1   1   1   1 1
 1 1   1   1   1 1
 1 1B  1C  1B  1 1
 806000:0006070609
 1     1     1   1
 1     1F  G 1   1
 1 D   1     1E  1
 800000:00000:0009
 1     1     1   1
 1 F   1  E  1   1
 800000600000:0009
 1           1   1
 1G    H   G 1 F 1
 80000070000060009
 1     1         1
 1 E   1     E   1
 80000060000000009
 1               1
 4002G      G 3005
    1   D     1   
  F 1         1F  
    80000000009   
    1         1   
    1         1   
 3009         8002
 1  1         1  1
 1  1  A      1  1
 1E 1         1E 1
 40060002 30006005
        1 1       
      G 1 1G      
 3000000:0:0000002
 1      1 1      1
 1      1 1      1
 1      1 1      1
 1 A    1 1 A    1
 80007006760070009
 1   1   1   1   1
 1 F 1 G 1 G 1 F 1
 1   1   1   1   1
 1   1   1   1   1
 80006007670060009
 1      1 1      1
 1    E 1 1      1
 1 B    1 1E C   1
 80070005 40007009
 1  1         1  1
 1  1         1  1
 1  1   H     1  1
 800:000070000:009
 1  1    1    1  1
 1E 1 F  1 F  1E 1
 400:0000:0000:005
    1    1    1   
    1 G  1 G  1   
 300:000060000:002
 1  1         1  1
 1E 1    H    1E 1
 400:000000000:005
    1         1   
    1         1   
    1 C    B  1   
 300:000000000:002
 1  1         1  1
 1E 1G  F   G 1E 1
 400:000070000:005
    1    1    1   
    1    1    1   
    1    1    1   
    1A   1A   1   
 300:000060000:002
 1  1         1  1
 1E 1F   G  F 1E 1
 80060000000006009
 1               1
 1               1
 1B  E  C   E B  1
 40000002 30000005
        1 1       
 F    G 809G    F 
        1 1       
 30000005 40000002
 1               1
 1               1
 1               1
 1C     B     C  1
 80007000700070009
 1   1   1   1   1
 1E  1 F 1F  1 E 1
 1   1   1   1   1
 8000:0006000:0009
 1   1       1   1
 1   1       1   1
 1B  1  D    1B  1
 80006070007060009
 1     1   1     1
 1 F   1G  1  F  1
 1     1   1     1
 400000:000:000005
       1   1      
       1 H 1      
    E  1   1  E   
 3000009   8000002
 1     1   1     1
 1  G  1   1  G  1
 4000009   8000005
       1   1      
       1E  1      
    B  1   1C     
       80009      
       1   1      
       1   1      
     E 1D  1E     
 300000:000:000002
 1     1   1     1
 1 G   1   1  G  1
 8000009   8000009
 1     1B  1     1
 1  F  1   1 F   1
 800700:000:007009
 1  1  1   1  1  1
 1E 1  1   1  1E 1
 8006009   8006009
 1     1C  1     1
 1 G   1   1  G  1
 80000060706000009
 1       1       1
 1     F 1F      1
 1  B    1  C    1
 80007000600070009
 1   1       1   1
 1   1  H    1   1
 1C  1       1B  1
 40006000;00060005
         1        
 F     G 1G     F 
         1        
         1        
         1        
*
              1 1111111             
                                    
              1       1             
              1       1             
    1 111111111       1 111111111   
                                    
    1         1       1         1   
    1         1       1         1   
    1         1 1111111         1   
    1                           1   
    1                           1   
    1                           1   
    1                           1   
    1                           1   
  1 1 111 111111111:111111111 111 1 
                                    
  1     1                   1     1 
  1     1                   1     1 
  1     1                   1     1 
  1     1                   1     1 
  1     1                   1     1 
  1     1                   1     1 
  1     1                   1     1 
  1     1                   1     1 
  1     1                   1     1 
  1     1                   1     1 
  5 11111 111111111 111111111 11115 
                                    
  1               1               1 
  1               1               1 
  1               1               1 
  1               1               1 
  1               1               1 
  1               1               1 
  1 11111111111111: 111111111111111 
                                    
  1                               1 
  1                               1 
  1                               1 
  1                               1 
  1                               1 
  1                               1 
  1 111111112           2 111111111 
                                    
  1         1           1         1 
  1         1           1         1 
  1         1           1         1 
  1         1           1         1 
  1         1           1         1 
  1         1           1         1 
  1         1           1         1 
  1         1           1         1 
  1 111111111 11111111111 111111111 
                                    
  1         1           1         1 
  1         1           1         1 
  1         1           1         1 
  1         1           1         1 
  1         1           1         1 
  1         1           1         1 
  1         1           1         1 
  1         1           1         1 
  1 111111113           3 111111111 
                                    
  1                               1 
  1                               1 
  1                               1 
  1                               1 
  1                               1 
  1                               1 
  1                               1 
  1                               1 
  1                               1 
  1                               1 
  1 1111111 1111111 1111111 1111111 
                                    
  1       1       1       1       1 
  1       1       1       1       1 
  1       1       1       1       1 
  1       1       1       1       1 
  1       1       1       1       1 
  1       1       1       1       1 
  1 111 111 111 11B 111 111 111 111 
                                    
  1   1       1       1       1   1 
  1   1       1       1       1   1 
  1   1       1       1       1   1 
  1   6       1       1       6   1 
  1   1       1       1       1   1 
  1   1       1       1       1   1 
  1 111 1111111 1111111 111 111 111 
                                    
  1           1           1       1 
  1           1           1       1 
  1           1           1       1 
  1           1           1       1 
  1           1           1       1 
  1           1           1       1 
  2 11111111111 11111111111 1111112 
                                    
  1           1           1       1 
  1           1           1       1 
  1           1           1       1 
  1           1           1       1 
  1 11111111111 11111111111 1111111 
                                    
  1                       1       1 
  1                       1       1 
  1                       1       1 
  1                       1       1 
  7 11111111111 11111111111 1111118 
                                    
  1           1                   1 
  1           1                   1 
  1           1                   1 
  1           1                   1 
  1 11111111111 1111111111111111111 
                                    
  1                               1 
  1                               1 
  1 11111                   1 11111 
                                    
        1                   1       
        1                   1       
        1                   1       
        1                   1       
        1 1111111131111111111       
                                    
        1                   1       
        1                   1       
        1                   1       
        1                   1       
  2 11111                   1 11112 
                                    
  1     1                   1     1 
  1     1                   1     1 
  1     1                   1     1 
  1     1                   1     1 
  1     1                   1     1 
  1     1                   1     1 
  1 11111 1111111   1 1111111 11111 
                                    
                1   1               
                1   1               
                1   1               
                1   1               
  4 1111111111111 111 1111111111114 
                                    
  1             1   1             1 
  1             1   1             1 
  1             1   1             1 
  1             1   1             1 
  1             1   1             1 
  1             1   1             1 
  1             1   1             1 
  1             1   1             1 
  1 1111111 11111 1 1 11111 1111111 
                                    
  1       1       1       1       1 
  1       1       1       1       1 
  1       1       1       1       1 
  1       1       1       1       1 
  1       8       1       7       1 
  1       1       1       1       1 
  1       1       1       1       1 
  1       1       1       1       1 
  1 1111111 11111 1 1 11111 1111111 
                                    
  1             1   1             1 
  1             1   1             1 
  1             1   1             1 
  1             1   1             1 
  1             1   1             1 
  1             1   1             1 
  1 11111 1111112   2 1111111 11111 
                                    
  1     1                   1     1 
  1     1                   1     1 
  1     1                   1     1 
  1     1                   1     1 
  1     1                   1     1 
  1     1                   1     1 
  1 11111 111111111 111111111 11111 
                                    
  1     1         1         1     1 
  1     1         1         1     1 
  1     1         1         1     1 
  1     1         1         1     1 
  1 11111 11111111B 111111111 11111 
                                    
        1         1         1       
        1         1         1       
        1         1         1       
        1         1         1       
  1 11111 111111111 111111111 11111 
                                    
  1     1                   1     1 
  1     1                   1     1 
  1     1                   1     1 
  1     1                   1     1 
  1 11111 11111111:1111111111 11111 
                                    
        1                   1       
        1                   1       
        1                   1       
        1                   1       
        1                   1       
        1                   1       
  1 11111 1111111111111111111 11111 
                                    
  1     1                   1     1 
  5     1                   1     5 
  1     1                   1     1 
  1     1                   1     1 
  1 11111 111111112 111111111 11111 
                                    
        1         1         1       
        1         1         1       
        1         1         1       
        1         1         1       
        1         1         1       
        1         1         1       
        1         1         1       
        1         1         1       
  1 11112 111111111 111111112 11111 
                                    
  1     1                   1     1 
  1     1                   1     1 
  1     1                   1     1 
  1     1                   1     1 
  1 11111 1111111111111111111 11111 
                                    
  1                               1 
  1                               1 
  1                               1 
  1                               1 
  1                               1 
  1                               1 
  1 1111111111111   1 1111111111111 
                                    
                1   1               
                1   1               
                1 B:1               
                                    
                1   1               
                1   1               
  3 1111111111111   1 1111111111113 
                                    
  1                               1 
  1                               1 
  1                               1 
  1                               1 
  1                               1 
  1                               1 
  1                               1 
  1                               1 
  1 1111111 1111111 1111111 1111111 
                                    
  1       1       1       1       1 
  1       1       1       1       1 
  1       1       1       1       1 
  1       1       1       1       1 
  1       1       1       1       1 
  1       1       1       1       1 
  1 1111111 1111112 1111111 1111111 
                                    
  1       1               1       1 
  1       1               1       1 
  1       1               1       1 
  1       1               1       1 
  1       1               1       1 
  1       1               1       1 
  1 1111111 111 1181111 111 1111111 
                                    
  1           1       1           1 
  1           1       1           1 
  1           1       1           1 
  1           1       1           1 
  1           1       1           1 
  1           1       1           1 
  6 11111111111 1111111 11111111116 
                                    
              1       1             
              1       1             
              1       1             
              1       1             
              1       1             
              1       1             
  5 11111111111       1 11111111115 
                                    
  1           1       1           1 
  1           1       1           1 
  1           1       1           1 
  1           1       1           1 
  1 11111111111       1 11111111111 
                                    
              1       1             
              1       1             
              1       1             
              1       1             
              1       1             
              1       1             
              1 111:111             
                                    
              1       1             
              1       1             
              1       1             
              1       1             
              1       1             
              1       1             
  3 11111111111 1111111 11111111113 
                                    
  1           1       1           1 
  1           1       1           1 
  1           1       1           1 
  1           1       1           1 
  1 11111111111       1 11111111111 
                                    
  1           1       1           1 
  1           1       1           1 
  1           1       1           1 
  1           1       1           1 
  2 11111 11111 1111111 11111 11112 
                                    
  1     1     1       1     1     1 
  1     1     1       1     1     1 
  1     1     1       1     1     1 
  1     1     1       1     1     1 
  1 11111 11111       1 11111 11111 
                                    
  1           1       1           1 
  1           1       1           1 
  1           1       1           1 
  1           1       1           1 
  1 11111111111 117 111 11111111111 
                                    
  1               1               1 
  1               1               1 
  1               1               1 
  1               1               1 
  1               1               1 
  1               1               1 
  4 1111111 1111111 1111111 1111114 
                                    
  1       1               1       1 
  1       1               1       1 
  1       1               1       1 
  1       1               1       1 
  1       1               1       1 
  1       1               1       1 
  1 1111111 111111  1111111 1111111 
                                    
                                    
                                    
                                    
                                    
                                    
                                    
                                    
                                    
                                    
                                    
*