Textures/grave1.bmp
9 3
9 103
0
      3007002     
    G 1  1  1G    
      1  1  1     
   300:00:00:002  
   1  1  1  1  1  
   1J 1I 1I 1H 1  
   1  400:005  1  
   1     1     1  
   1     1     1  
 30:02   1   30:02
 1 1 1   1   1 1 1
 1 1 1   1   1 1 1
 1 1 1 L 1K  1 1 1
 1 1 4000:0005 1 1
 1 1     1     1 1
 1 400000:000005 1
 1       1       1
 40007000:00070005
     1   1   1    
     1   1   1    
     1G  1 G 1    
 30005   1   40002
 1       1       1
 1H      1     I 1
 1  30000:00002  1
 1  1    1    1  1
 1  1    1    1  1
 1  1L I 1    1J 1
 4705    1    4075
  1      1 K    1 
  4007000:0007005 
     1   1   1    
     1   1   1    
 30009   1   80002
 1   1   1   1   1
 1   1   1   1   1
 1G  1 30602 1G  1
 1   1 1   1 1   1
 1   1 1 L 1 1   1
 1   1 1   1 1   1
 1   475   475   1
 1    1     1    1
 407005     400705
   1           1  
   1I    J   I 1  
   4000700070005  
       1   1      
       1   1      
   30009   80002  
   1   1   1   1  
   1   1   1   1  
 309G  1   1 G 802
 1 1   1   1   1 1
 1 1   40705   1 1
 1 1     1     1 1
 1 1   I 1L    1 1
 1 1     1     1 1
 40600000:00000605
         1        
 30000000:00000002
 1       1       1
 1       1       1
 1       1       1
 1  G    1   G   1
 1       1       1
 1       1       1
 80000000:00000009
 1       1       1
 1       1       1
 1       1       1
 1  G    1   G   1
 1       1       1
 1       1       1
 40000000:00000005
         1        
         1        
      300:002     
      1  1  1 L   
  H K 1  1  1     
   3009  1  8002  
   1  1  1  1  1  
   1  1  1  1  1  
   1  800:009  1  
 309  1  1  1  802
 1 1I 1  1  1J 1 1
 1 1  1  1  1  1 1
 1 4005  1  4005 1
 1       1       1
 40070070:07007005
    1  1 1 1  1   
    1  1 1 1  1   
    1  1 1 1  1   
 3009  80609  8002
 1  1  1   1  1  1
 1  1  1   1  1  1
 1  4005   4005  1
 1G            G 1
 1       J       1
 40000000;00000005
         1        
         1        
         1        
         1        
         1        
*
            4 11111 11114           
                                    
            1     1     1           
            1     1     1           
            1     1     1           
            1     1     1           
      1 11111 11111 11111 11111     
                                    
      1     1     1     1     1     
      1     1     1     1     1     
      1     1     1     1     1     
      1     1     1     1     1     
      1     1 11111 11111     1     
      1                       1     
      1           1           1     
      1           1           1     
      1           1           1     
      1           1           1     
  9 111 111       1       1 111 119 
                  1                 
  1   1   1       1       1   1   1 
  1   1   1       1       1   1   1 
  1   1   1       1       1   1   1 
  1   1   1       1       1   1   1 
  1   1   1       1       1   1   1 
  1   1   1       1       1   1   1 
  1   1   3 1111111 1111113   1   1 
  1   1                       1   1 
  1   1           1           1   1 
  1   1           1           1   1 
  1   5 11111111111 11111111115   1 
  1                               1 
  1               1               1 
  1               1               1 
  4 1111111 1111118 1111111 1111114 
                                    
          1       1       1         
          1       1       1         
          1       1       1         
          1       1       1         
          1       1       1         
          1       1       1         
  2 1111116       1       6 1111112 
                  1                 
  1               1               1 
  1               1               1 
  1               1               1 
  1               1               1 
  1     1 11111111< 111111111     1 
  1                               1 
  1     1         1         1     1 
  1     1         1         1     1 
  1     1         1         1     1 
  1     1         1         1     1 
  1     1         1         1     1 
  1     1         1         1     1 
  1 1 115         1         5 111 1 
                  1                 
    1             1             1   
    1             1             1   
    1 11111 1111119 1111111 11111   
                                    
          1       1       1         
          1       1       1         
          1       1       1         
          1       1       1         
  6 1111114       1       4 1111116 
                  1                 
  1       1       1       1       1 
  1       1       1       1       1 
  1       1       1       1       1 
  1       1       1       1       1 
  1       1   1 112 111   1       1 
  1       1               1       1 
  1       1   1       1   1       1 
  1       1   1       1   1       1 
  1       1   1       1   1       1 
  1       1   1       1   1       1 
  1       1   1       1   1       1 
  1       1   1       1   1       1 
  1       1 1 1       1 1 1       1 
  1                               1 
  1         1           1         1 
  1         1           1         1 
  5 111 11111           1 11111 115 
                                    
      1                       1     
      1                       1     
      1                       1     
      1                       1     
      1 1111111 1111111 1111111     
                                    
              1       1             
              1       1             
              1       1             
              1       1             
      1 1111111       1 1111111     
                                    
      1       1       1       1     
      1       1       1       1     
      1       1       1       1     
      1       1       1       1     
  1 111       1       1       1 111 
              1       1             
  1   1       1       1       1   1 
  1   1       1       1       1   1 
  1   1       1 111 111       1   1 
  1   1                       1   1 
  1   1           1           1   1 
  1   1           1           1   1 
  1   1           1           1   1 
  1   1           1           1   1 
  1   1           1           1   1 
  1   1           1           1   1 
  1 111 11111111112 11111111111 111 
                                    
                  1                 
                  1                 
  4 111111111111111 111111111111115 
                                    
  1               1               1 
  1               1               1 
  1               1               1 
  1               1               1 
  1               1               1 
  1               1               1 
  1               1               1 
  1               1               1 
  1               1               1 
  1               1               1 
  1               4               1 
  1               1               1 
  6 111111111111518 151111111111116 
                                    
  1               1               1 
  1               4               1 
  1               1               1 
  1               1               1 
  1               1               1 
  1               1               1 
  1               1               1 
  1               1               1 
  1               1               1 
  1               1               1 
  1               1               1 
  1               1               1 
  5 111111111111111 111111111111114 
                                    
                  1                 
                  1                 
                  1                 
                  1                 
            1 11111 11111           
                                    
            1     1     1           
            1     1     1           
            1     1     1           
            1     1     1           
      1 11111     1     1 11111     
                  1                 
      1     1     1     1     1     
      1     1     1     1     1     
      1     1     1     1     1     
      1     1     1     1     1     
      1     1 11115 11111     1     
      1                       1     
  1 111     1     1     1     1 111 
            1     1     1           
  1   1     1     1     1     1   1 
  1   1     1     1     1     1   1 
  1   1     1     1     1     1   1 
  <   1     1     1     1     1   < 
  1   1 11111     1     1 11111   1 
  1               1               1 
  1               1               1 
  1               1               1 
  1 11111 11111 111 111 11111 11111 
                                    
        1     1   1   1     1       
        1     1   1   1     1       
        1     1   1   1     1       
        1     1   1   1     1       
        1     1   1   1     1       
        1     1   1   1     1       
  3 11111     6 111 116     1 11113 
                                    
  1     1     1       1     1     1 
  1     1     1       1     1     1 
  1     1     1       1     1     1 
  1     1     1       1     1     1 
  1     1 11111       1 11111     1 
  1                               1 
  1                               1 
  1                               1 
  1                               1 
  1                               1 
  1 11111111111111  111111111111111 
                                    
                                    
                                    
                                    
                                    
                                    
                                    
                                    
                                    
                                    
                                    
*