Textures/garden1.bmp
9 0
10 142
0
      3007002     
      1  1  1     
      1\ 1\ 1     
      800:009     
      1  1  1     
      1\ 1\ 1     
  3000:00:009     
  1   1  1  1     
  1C  1B 1C 1     
  1   1  1  1     
  8000600:009     
  1      1  1     
  1  I   1K 1E    
  80007009  1     
  1   1  1  1G    
  1   1\ 1  1     
  8000:006709F    
  1   1   1 1     
  1 C 1 J 809H    
  1   1   1 1     
  4070600760602   
    1    1    1   
    1S U 1Y [ 1   
  309    800709   
  1 1M O 1  1 1   
306060070600:06002
1      1    1    1
1Y Z [ 1 C  1Y [ 1
4700700607006:0705
 1  1    1   1 1  
 1  1S U 1C  1 1  
 4009    1   809  
    1M O 1 E 1 1  
    80070:007605  
    1  1 1  1     
    800609  1     
    1    4009     
    1 C     1     
    8002  F 1     
    1  1 3009     
    1\ 1 1  1     
  3067060:009     
  1  1   1  1     
  1  1E  1H 1     
  1  1   1  1     
  400:000:009     
     1   1  1     
     1 C 1D 1     
     800067062    
  3009    1  1    
  1  802G 1I 1 K  
  1  1 1  1  1    
  800:060060067002
  1  1        1  1
  1G 1C  B  C 1  1
  8009        1  1
  1  1        8009
  1  1E  D  F 1  1
  8009        1H 1
  1  1        8009
309X 1C  B  C 1  1
1 1  8007007009X 1
1 1W 1  1  1  1  1
809  8006706009V 1
1 1V 1   1    8005
80:0060709 I  1   
1 1    1 1    1   
406070060600706002
    1       1    1
  A 1C  B C 1G H 1
    1       1    1
  3060700700670009
  1   1  1   1   1
  40706009 J 80005
    1    1   1    
    1S U 80009    
    1    1   1    
    1M O 1   1    
    80000600060072
    1           11
30709 B   D   C 11
1 1 1           89
1 1 1           11
1 1 1E F  I G H 11
4060:0070070070069
    1  1  1  1   1
S U 1B 1I 1  1 C 1
    1  1  1  1   1
M O 4076009  80005
      1   1  1    
J     1   1  1Y [ 
      800060060002
      1          1
      1D   C   D 1
   J  1          1
      407000700075
        1   1   1 
        1 G 1 H 1 
Y Z Z [ 1   1   1 
30007000607060705 
1   1     1   1   
1 F 1C  C 1 E 1   
1   1     1   1   
407060707060705   
  1   1 1   1     
  1B  1 1 B 1E    
  80076067009     
  1  1   1  1     
30:006000:009F    
1 1      1  1     
1 1S T U 1D 1     
809      1  1G    
1 1M N O 8009     
1 80070009  1     
1 1  1   1B 1H    
47600:000:009     
 1   1   1  1     
 800060006009S U  
 1          1     
 1Y Z Z Z [ 1P R  
 807007000709     
 1 1  1   1 1P R  
 80600:000609     
 1    1     1P R  
 1    1B  C 1     
 1    1     1M O  
 8007060007060002 
 1  1     1     1 
 1  1 C   1  B  1 
 1E 4070076007005 
 1    1  1   1    
 1F G 8009 H 1    
 800705  1   1    
 1  1    8000602  
 1  1    1     1  
 400:00076000705  
    1   1    1    
    1J  1Y [ 1    
    400060;005    
          1       
          1       
          1       
          1       
*
            1 11111 11111           
                                    
            1     1     1           
            1     1     1           
            1     1     1           
            1     1     1           
            1 11111 11111           
                                    
            1     1     1           
            1     1     1           
            1     1     1           
            1     1     1           
    1 1111111 11111 11111           
                                    
    1       1     1     1           
    1       1     1     1           
    1       1     1     1           
    1       1     1     1           
    1       1     1     1           
    1       1     1     1           
    1 1111112 11111 11111           
                                    
    1             1     1           
    1             1     1           
    1             1     1           
    1             1     1           
    1 1111115 11111     1           
                        1           
    1       1     1     1           
    1       1     1     1           
    1       1     1     1           
    1       1     1     1           
    1 1111111 11111 1 111           
                                    
    1       1       1   1           
    1       1       1   1           
    1       1       1 111           
    1       1                       
    1       1       1   1           
    1       1       1   1           
    1 118 111 11111 1 111 111       
                                    
        1         1         1       
        1         1         1       
        1         1         1       
        1         1         1       
    1 111         1 11111 111       
                                    
    1   1         1     1   1       
    1   1         1     1   1       
1 111 111 11111 111 11111 114 11111 
                                    
1             1         1         1 
1             1         1         1 
1             1         1         1 
1             1         1         1 
1 1 11111 11111 111 11111 1 111 111 
                                    
  1     1         1       1   1     
  1     1         1       1   1     
  1     1         1       1   1     
  1     1         1       1   1     
  1 11111         1       1 111     
                  1                 
        1         1       1   1     
        1         1       1   1     
        1 11111 111 11112 1 111     
                                    
        1     1   1     1           
        1     1   1     1           
        1 11111 111     1           
                        1           
        1         1 11111           
        1                           
        1               1           
        1               1           
        1 11111         1           
                        1           
        1     1   1 11111           
        1     1                     
        1     1   1     1           
        1     1   1     1           
    1 111 1 111 111 11111           
                                    
    1     1       1     1           
    1     1       1     1           
    1     1       1     1           
    1     1       1     1           
    1     1       1     1           
    1     1       1     1           
    1 1111< 1111111 11111           
                                    
          1       1     1           
          1       1     1           
          1       1     1           
          1       1     1           
          1 1111111 1 111 >         
                                    
    1 11111         1     1         
                    1     1         
    1     1 111     1     1         
    1               1     1         
    1     1   1     1     1         
    1     1   1     1     1         
    1 11116 111 11111 11113 1 11111 
                                    
    1     1                 1     1 
    1     1                 1     1 
    1     1                 1     1 
    1     1                 1     1 
    1 11111                 1     1 
                            1     1 
    1     1                 1 11111 
    1     1                         
    1     1                 1     1 
    1     1                 1     1 
    7 11111                 1     1 
                            1     1 
    1     1                 1 11111 
    1     1                         
1 111     1                 1     1 
          1                 1     1 
1   1     1 11111 11111 11111     1 
1   1                             1 
1   1     1     1     1     1     1 
1   1     1     1     1     1     1 
1 111     1 11111 1 111 11111     1 
                                  1 
1   1     1       1         1 11111 
1   1     1       1                 
1 111 11111 111 111         1       
                            1       
1   1         1   1         1       
1   1         1   1         1       
1 111 111 11111 111 11111 111 11111 
                                    
        1               1         1 
        1               1         1 
        1               1         1 
        1               1         1 
        1               1         1 
        1               1         1 
    1 112 111 11111 11111 1 1111111 
                                    
    1       1     1       1       1 
    1       1     1       1       1 
    1 111 111 11111       1 1111111 
                                    
        1         1       1         
        1         1       1         
        1         1 1111111         
        1                           
        1         1       1         
        1         1       1         
        1         1       1         
        1         1       1         
        1 111111111 1111111 11111 1 
                                    
        1                       1 1 
        1                       1 1 
1 111 111                       1 1 
                                1 1 
1   1   1                       5 4 
1   1   1                           
1   1   1                       1 1 
1   1   1                       1 1 
1   1   1                       1 1 
1   1   1                       1 1 
1 111 11= 11111 11111 11111 11111 1 
                                    
        1     1     1     1       1 
        1     1     1     1       1 
        1     1     1     1       1 
        1     1     1     1       1 
        1     1     1     1       1 
        1     1     1     1       1 
        1 111 1 11111     1 1111111 
                                    
            1       1     1         
            1       1     1         
            1       1     1         
            1       1     1         
            1 1111111 11111 1111111 
                                    
            1                     1 
            1                     1 
            1                     1 
            1                     1 
            1                     1 
            1                     1 
            1 111 1111112 1111111 1 
                                    
                1       1       1   
                1       1       1   
                1       1       1   
                1       1       1   
                1       1       1   
                1       1       1   
1 1111111 1111111 111 111 111 111   
                                    
1       1           1       1       
1       1           1       1       
1       1           1       1       
1       1           1       1       
1       1           1       1       
1       1           1       1       
1 114 111 111 111 111 113 111       
                                    
    1       1   1       1           
    1       1   1       1           
    1       1   1       1           
    1       1   1       1           
    1 11111 1 111 1 11111           
                                    
    1     1       1     1           
    1     1       1     1           
1 111 11111 1111111 11111           
                                    
1   1             1     1           
1   1             1     1           
1   1             1     1           
1   1             1     1           
1 111             1     1           
                  1     1           
1   1             1 11113           
1   1                               
1   1 11111 1111111     1           
1                       1           
1   1     1       1     1           
1   1     1       1     1           
1 1 1 1111< 1111111 11111           
                                    
  1       1       1     1           
  1       1       1     1           
  1 1111111 1111111 11111           
                                    
  1                     1           
  1                     1           
  1                     1           
  1                     1           
  1 111 11111 1111111 111           
                                    
  1   1     1       1   1           
  1   1     1       1   1           
  1 111 11111 1111111 113           
                                    
  1         1           1           
  1         1           1           
  1         1           1           
  1         1           1           
  1         1           1           
  1         1           1           
  1 11111 111 1111112 111 1111111   
                                    
  1     1           1           1   
  1     1           1           1   
  1     1           1           1   
  1     1           1           1   
  1     1 111 11111 1 11111 11111   
  1                                 
  1         1     1       1         
  1         1     1       1         
  1         1 11111       1         
  1                       1         
  1 11111 111     1       1         
                  1       1         
  1     1         1 1111111 111     
  1     1                           
  1     1         1           1     
  1     1         1           1     
  4 11111 1111111 1 1111111 111     
                                    
        1       1         1         
        1       1         1         
        1       1         1         
        1       1         1         
        1 1111111 11  11111         
                                    
                                    
                                    
                                    
                                    
                                    
                                    
                                    
                                    
*