Textures/grave2.bmp
9 0
8 174
0
    300000700002  
    1     1    1  
    1 D   1 B  1  
  A 1     1    1  
    470700607075  
     1 1    1 1   
     1 1 C  1 1   
     1 1    1 1   
   F 1 470075 1   
     1  1  1  1   
     1  1E 1  1   
300076076006005   
1   1  1          
1   1C 1 B  D     
1   1  870007002  
1   1  11   1  1  
4000:0051   1  1  
    1   1 A 8009  
    1   1   1  1  
 A  4000:0005  1  
        1      1  
  300000:0000009  
  1     1      1  
  1   F 1F     1  
  1     1      1  
30607000:00070062 
1   1   1   1   1 
1   1 D 1 E 1   1 
1 A 1   1   1 A 1 
1   1   1   1   1 
8000:000:000:0009 
1   1   1   1   1 
1 F 1   1   1 F 1 
1   4000:0005   1 
1       1       1 
1       1       1 
40007000:00070005 
    1   1   1     
    1 D 1F  1     
    1   1   1     
 A  8000:0009  A  
    1   1   1     
    1F  1B  1     
    1   1   1     
    8000:000600002
    1   1        1
    1   1  B     1
 3005 F 8000007005
 1      1     1   
 80000009     1   
 1      1     1   
 1      8000006002
 80000009        1
 1      1F  C  F 1
 1 E    1        1
36000000:000000009
1       1        1
1D      1      D 1
1  30000:00002   1
1  1    1    1   1
4009  F 1F   80005
   1    1    1    
   40000:00005    
        1         
    A F 1F E      
        1         
  300000:000002   
  1     1     1   
  1F C  1 C F 1   
  1     1     1   
  400700:007005   
     1  1  1      
     1  1  1      
30000600:006000002
1       1        1
1 B   F 1F  D    1
40700000:000000705
  1     1      1  
  800000:0007005  
  1     1   1     
  1 A   1   1     
  1     1 E 1     
  1300009   1     
  11    1   1     
3069 C  80005     
1  1    1         
1F 40000:000070002
1       1    1   1
1       1    1   1
40070000:00009 A 1
   1    1    1   1
   1 B  1 D  80005
   1    1    1    
   80000:00009    
   1    1    1    
   1  F 1F   1    
   80000:00009    
   1    1    1    
   1 3009 C  1    
   1 1  1    40002
   409  1        1
     1  8000000009
     4009        1
        1 F B  F 1
      A 8000007009
        1     1  1
     3009   F 1  1
     1  1 D   1  1
     1  1     1  1
     4009   F 1  1
        800700:005
        1  1  1   
300070009  1  1   
1   1   1  1  1   
1 F 1 F 8006009 A 
1   1   1     1   
800060009     1   
1       8000009   
1 D   E 1     1   
1       1     1   
47007000:000705   
 1  1   1   1     
 1  1   1   1     
 1  1 F 1 F 1     
 1  1   1   1     
 8006700:0709     
 1   1  1 1 1     
 4000:009 1 1     
     1  1 1 1     
     1F 1 1 1     
     1  80609     
     1  1   1     
 3000:009 C 1     
 1   1  1   8002  
 1   1  1   1  1  
 8000600:0009  1  
 1      1   1  1  
 1 E  F 8000:005  
 1      1   1     
 80070009   800002
 1  1   1F  1    1
 1  1   1   1 E  1
 1  802 80009    1
 1  1 1 1   1    1
 4709 409   1    1
  1 1   8000600009
  1 1   1        1
  8060709C  E  D 1
  1   1 1        1
  1 F 1 1        1
  1   1 1F     F 1
  4000:09        1
      1 1B  E  A 1
      1 8000700075
      1 1   1   1 
 F  F 1 1   1   1 
      809 F 1 F 1 
      1 1   1   1 
      1 1   1   1 
 D    1 8000:0005 
    F 1 1   1     
      1 1   1 E   
      809 A 1     
B  C  1 1   1     
      1 1   1 F F 
      1 1   1     
300000:06070600002
1     1   1      1
1 B   1 E 1   D  1
40000060;060000005
        1         
        1         
 A    F 1 F    A  
        1         
                  
*
        1 11111111111 111111111     
                                    
        1           1         1     
        1           1         1     
        1           1         1     
        1           1         1     
        1           1         1     
        1           1         1     
        4 1 111 11111 111 111 5     
                                    
          1   1         1   1       
          1   1         1   1       
          1   1         1   1       
          1   1         1   1       
          1   1         1   1       
          1   1         1   1       
          1   1 1 11111 1   1       
          1                 1       
          1     1     1     1       
          1     1     1     1       
          1     1     1     1       
          1     1     1     1       
1 1111111 1 111 1 11111 11112       
                                    
1       1     1                     
1       1     1                     
1       1     1                     
1       1     1                     
1       1     1 1 1111111 11111     
1       1                           
1       1     1 1       1     1     
1       1     1 1       1     1     
1 1111111 11111 1       1     1     
                1       1     1     
        1       1       1 11111     
        1       1                   
        1       1       1     1     
        1       1       1     1     
        1 1111113 1111111     1     
                              1     
                1             1     
                1             1     
    1 11111111111 1111111111111     
                                    
    1           1             1     
    1           1             1     
    1           1             1     
    1           1             1     
    1           1             1     
    1           1             1     
1 111 111 1111111 1111111 11111 1   
                                    
1       1       1       1       1   
1       1       1       1       1   
1       1       1       1       1   
1       1       1       1       1   
1       1       1       1       1   
1       1       1       1       1   
1       1       1       1       1   
1       1       1       1       1   
1 111111; 1111116 1111118 1111111   
                                    
1       1       1       1       1   
1       1       1       1       1   
1       1       1       1       1   
1       1       1       1       1   
1       1 1111111 1111111       1   
1                               1   
1               1               1   
1               1               1   
1               1               1   
1               1               1   
3 1111111 1111111 1111111 1111113   
                                    
        1       1       1           
        1       1       1           
        1       1       1           
        1       1       1           
        1       1       1           
        1       1       1           
        1 1111112 1111111           
                                    
        1       1       1           
        1       1       1           
        1       1       1           
        1       1       1           
        1       1       1           
        1       1       1           
        5 1111111 1111111 111111111 
                                    
        1       1                 1 
        1       1                 1 
        1       1                 1 
        1       1                 1 
  1 11111       1 11111111113 11111 
                                    
  1             1           1       
  1             1           1       
  1 1111111111111           1       
                            1       
  1             1           1       
  1             1           1       
  1             1 11111111111 11111 
  1                                 
  1 1111111111111                 1 
                                  1 
  1             1                 1 
  1             1                 1 
  1             1                 1 
  1             1                 1 
1 7 1111111111111 11111111111111111 
                                    
1               1                 1 
1               1                 1 
1               1                 1 
1               1                 1 
1     1 111111111 111111111       1 
1                                 1 
1     1         1         1       1 
1     1         1         1       1 
1 11111         1         4 1111111 
                1                   
      1         1         1         
      1         1         1         
      1 11111111> 111111111         
                                    
                1                   
                1                   
                1                   
                1                   
                1                   
                1                   
    1 11111111111 11111111111       
                                    
    1           1           1       
    1           1           1       
    1           1           1       
    1           1           1       
    1           1           1       
    1           1           1       
    1 11115 11111 11114 11111       
                                    
          1     1     1             
          1     1     1             
          1     1     1             
          1     1     1             
1 111111111 11111 11111 11111111111 
                                    
1               1                 1 
1               1                 1 
1               1                 1 
1               1                 1 
1 111 11111111118 1111111111111 111 
                                    
    1           1             1     
    1           1             1     
    1 11111111111 1111111 11116     
                                    
    1           1       1           
    1           1       1           
    1           1       1           
    1           1       1           
    1           1       1           
    1           1       1           
    1 1 111111111       1           
    1                   1           
    1 1         1       1           
    1 1         1       1           
1 114 1         1 1111111           
                                    
1     1         1                   
1     1         1                   
1     1 11111111: 111111111 1111111 
1                                   
1               1         1       1 
1               1         1       1 
1               1         1       1 
1               1         1       1 
1 11111 111111111 111111111       1 
                                  1 
      1         1         1       1 
      1         1         1       1 
      1         1         1 1111111 
      1         1                   
      1         1         1         
      1         1         1         
      1 111111111 111111115         
                                    
      1         1         1         
      1         1         1         
      1         1         1         
      1         1         1         
      3 111111112 111111111         
                                    
      1         1         1         
      1         1         1         
      1   1 11111         1         
      1                   1         
      1   1     1         1 1111111 
      1   1     1                   
      1 111     1                 1 
                1                 1 
          1     1 11111111111111114 
          1                         
          ; 11111                 1 
                                  1 
                1                 1 
                1                 1 
                1 11111111118 11111 
                                    
                1           1     1 
                1           1     1 
          1 11111           1     1 
                            1     1 
          1     1           1     1 
          1     1           1     1 
          1     1           1     1 
          1     1           1     1 
          1 11111           1     1 
                            1     1 
                5 11111 11111 11111 
                                    
                1     1     1       
                1     1     1       
1 1111111 1111111     1     1       
                      1     1       
1       1       1     1     1       
1       1       1     1     1       
1       1       1 11111 11111       
1       1                           
1       1       1           1       
1       1       1           1       
3 1111111 1111111           1       
                            1       
1               1 11111111111       
1                                   
1               1           1       
1               1           1       
1               1           1       
1               1           1       
1 4 11111 1111118 1111111 111       
                                    
  1     1       1       1           
  1     1       1       1           
  1     1       1       1           
  1     1       1       1           
  1     1       1       1           
  1     1       1       1           
  1     1       1       1           
  1     1       1       1           
  1 11111 1 11111 116 111           
                                    
  1       1     1   1   1           
  1       1     1   1   1           
  1 111111: 11111   1   1           
                    1   1           
          1     1   1   1           
          1     1   1   1           
          1     1   1   1           
          1     1   1   1           
          1     1 111 111           
          1                         
          1     1       1           
          1     1       1           
  3 1111111 11111       1           
                        1           
  1       1     1       1 11111     
  1       1     1                   
  1       1     1       1     1     
  1       1     1       1     1     
  1 1111111 11116 1111111     1     
                              1     
  1             1       1     1     
  1             1       1     1     
  1             1 111111> 11111     
  1                                 
  1             1       1           
  1             1       1           
  1 11111 1111111       1 111111111 
                                    
  1     1       1       1         1 
  1     1       1       1         1 
  1     1       1       1         1 
  1     1       1       1         1 
  1     1 115   1 1111111         1 
  1                               1 
  1     1   1   1       1         1 
  1     1   1   1       1         1 
  ; 1 113   1 111       1         1 
                        1         1 
    1   1       2 1111111 111111114 
    1   1                           
    1   1       1                 1 
    1   1       1                 1 
    1 111 111 111                 1 
                                  1 
    1       1   1                 1 
    1       1   1                 1 
    1       1   1                 1 
    1       1   1                 1 
    1       1   1                 1 
    1       1   1                 1 
    1 1111117 111                 1 
                                  1 
            1   1                 1 
            1   1                 1 
            1   3 1111111 1111111 6 
            1                       
            1   1       1       1   
            1   1       1       1   
            1   1       1       1   
            1   1       1       1   
            1 111       1       1   
                        1       1   
            1   1       1       1   
            1   1       1       1   
            1   1       1       1   
            1   1       1       1   
            1   1 1111115 1111111   
            1                       
            1   1       1           
            1   1       1           
            1   1       1           
            1   1       1           
            1 111       1           
                        1           
            1   1       1           
            1   1       1           
            1   1       1           
            1   1       1           
            1   1       1           
            1   1       1           
1 11111111118 111 111 111 111111114 
                                    
1           1       1             1 
1           1       1             1 
1           1       1             1 
1           1       1             1 
3 11111111111 11  111 1111111111111 
                                    
                                    
                                    
                                    
                                    
                                    
                                    
                                    
                                    
                                    
                                    
*