Textures/classic11.bmp
4 0
8 183
0
307002            
1 1  1            
806709            
1  1 1            
807606000000702   
1 1         1 1   
80:000000000675   
1 1          1    
80670700070006002 
1  1 1   1      1 
1  1 1   1      1 
400:0:070:0700005 
   1 1 1 1 1      
 30:060:0606000002
 1 1   1         1
 80600060000070705
 1           1 1  
3600007000000:09  
1     1      1 1  
1     1      1 1  
1     1      1 1  
4707006070700605  
 1 1    1 1       
 1 1    1 1       
 80:00006067002   
 1 1       1  1   
 1 1       1  1   
 1 1       1  1   
 8060070070:075   
 1    1  1 1 1    
 80000:0767609    
 1    1 1 1  1    
 1    1 1 1  1    
 1    1 1 1  1    
 1    1 1 1  1    
 4070767606009    
   1 1 1     1    
307606760000762   
1 1   1     1 1   
806007600070605   
1    1    1       
1    1    1       
1    1    1       
1    1    1       
80000:00706007002 
1    1  1    1  1 
1    1  1    1  1 
80700600670006705 
1 1      1    1   
806000000:00006002
1        1       1
1        1       1
1        1       1
400000707670000005
      1 1 1       
      1 1 1       
      1 1 1       
      80:0600002  
      1 1      1  
      1 1      1  
      1 1      1  
      1 1      1  
      4760007009  
       1    1  1  
       1    1  1  
       1    1  1  
     306000760062 
     1     1    1 
     470070:07075 
      1  1 1 1 1  
      1  1 1 1 1  
      8006060:062 
      1      1  1 
      1      1  1 
      4007070:075 
         1 1 1 1  
         80:06762 
         1 1  1 1 
         1 1  1 1 
         47670:05 
          1 1 1   
 300707000676062  
 1  1 1    1   1  
 1  1 1    1   1  
 470:06000060709  
  1 1        1 1  
3060600000070:0602
1          1 1   1
1          1 1   1
1          1 1   1
1          1 1   1
40070700070:060005
   1 1   1 1      
   1 1   1 1      
   1 1   1 1      
   806707609      
   1  1 1  1      
   1  1 1  1      
   470676709      
    1  1 1 1      
    1  1 1 1      
    1  1 1 1      
    1  1 1 1      
  30:0760:062     
  1 1 1  1  1     
  1 1 1  1  1     
  1 1 1  1  1     
  1 1 1  1  1     
  8060600:075     
  1      1 1      
  1      1 1      
  1      1 1      
  1      1 1      
30:070000:09      
1 1 1    1 1      
1 1 1    1 1      
1 1 1    1 1      
1 1 1    1 1      
476760700605      
 1 1  1           
360670:002        
1   1 1  1        
1   1 1  1        
1   1 1  1        
1   1 1  1        
4707676705        
 1 1 1 1          
 1 1 1 1          
 1 1 1 1          
 1 1 1 1          
36060606070000002 
1        1      1 
1        1      1 
80000000060070709 
1           1 1 1 
1           1 1 1 
1           1 1 1 
1           1 1 1 
800000000707606062
1        1 1     1
1        1 1     1
1        1 1     1
1        1 1     1
40070700060:070705
   1 1     1 1 1  
   1 1     1 1 1  
   1 1     1 1 1  
   1 1     1 1 1  
   8067070760609  
   1  1 1 1    1  
   4076060670705  
     1     1 1    
     1     1 1    
     1     1 1    
  30767000060602  
  1 1 1        1  
  1 1 1        1  
  1 1 1        1  
  8060:070007075  
  1   1 1   1 1   
  1   1 1   1 1   
  1   1 1   1 1   
30:070606000609   
1 1 1         1   
1 1 1         1   
1 1 1         1   
406067070000009   
     1 1      1   
     1 1      1   
 3000606007070602 
 1        1 1   1 
 1        1 1   1 
 1        1 1   1 
 4707070006067009 
  1 1 1      1  1 
30606067070006009 
1      1 1      1 
40000006;60000005 
        1         
        1         
        1         
        1         
        1         
*
1 111 41111                         
                                    
1   1     1                         
1   1     1                         
1 111 1 211                         
                                    
1     1   1                         
1     1   1                         
1 111 1 111 1111111161111 111       
                                    
1   1                   1   1       
1   1                   1   1       
1 111 1111811111111111111 1 1       
                                    
1   1                     1         
1   1                     1         
1 111 1 111 3111111 1111111 11111   
                                    
1     1   1       1             1   
1     1   1       1             1   
1     1   1       1             1   
1     1   1       1             1   
1 11111 111 111 111 11= 111111111   
                                    
      1   1   1   1   1             
      1   1   1   1   1             
  1 111 111 111 111 411 11111111111 
                                    
  1   1       1                   1 
  1   1       1                   1 
  1 111 1111111 11111111111 112 111 
                                    
  1                       1   1     
  1                       1   1     
1 1 111111111 1111611111111 111     
                                    
1           1             1   1     
1           1             1   1     
1           1             1   1     
1           1             1   1     
1           1             1   1     
1           1             1   1     
1 1 111 11111 118 111 11111 111     
                                    
  1   1         1   1               
  1   1         1   1               
  1   1         1   1               
  1   1         1   1               
  1 111 111111114 111 1 11111       
                                    
  1   1               1     1       
  1   1               1     1       
  1   1               1     1       
  1   1               1     1       
  1   1               1     1       
  1   1               1     1       
  1 111 11111 11111 111 <11 1       
                                    
  1         1     1   1   1         
  1         1     1   1   1         
  1 111111111 111 4 1 1 111         
                                    
  1         1   1   1     1         
  1         1   1   1     1         
  1         1   1   1     1         
  1         1   1   1     1         
  1         1   1   1     1         
  1         1   1   1     1         
  1         1   1   1     1         
  1         1   1   1     1         
  1 111 111 1 2 1 111 11111         
                                    
      1   1   1           1         
      1   1   1           1         
1 111 1 111 1 3 111111111 1 1       
                                    
1   1       1           1   1       
1   1       1           1   1       
1 111 11111 1 1111111 811 111       
                                    
1         1         1               
1         1         1               
1         1         1               
1         1         1               
1         1         1               
1         1         1               
1         1         1               
1         1         1               
1 111111111 11111 111 11115 11111   
                                    
1         1     1         1     1   
1         1     1         1     1   
1         1     1         1     1   
1         1     1         1     1   
1 111 11111 11111 1 111111= 1 111   
                                    
1   1             1         1       
1   1             1         1       
1 111 1111111111511 111111111 11111 
                                    
1                 1               1 
1                 1               1 
1                 1               1 
1                 1               1 
1                 1               1 
1                 1               1 
1 21111111111 111 1 1 1111111111111 
                                    
            1   1   1               
            1   1   1               
            1   1   1               
            1   1   1               
            1   1   1               
            1   1   1               
            1 111 111 111111311     
                                    
            1   1             1     
            1   1             1     
            1   1             1     
            1   1             1     
            1   1             1     
            1   1             1     
            1   1             1     
            1   1             1     
            1 1 1 1111111 11711     
                                    
              1         1     1     
              1         1     1     
              1         1     1     
              1         1     1     
              1         1     1     
              1         1     1     
          3 111 1111111 1 11111 1   
                                    
          1           1         1   
          1           1         1   
          1 1 11111 111 =11 111 1   
                                    
            1     1   1   1   1     
            1     1   1   1   1     
            1     1   1   1   1     
            1     1   1   1   1     
            1 11111 111 511 111 1   
                                    
            1             1     1   
            1             1     1   
            1             1     1   
            1             1     1   
            1 11111 111 111 112 1   
                                    
                  1   1   1   1     
                  1   1   1   1     
                  3 111 111 1 1 1   
                                    
                  1   1     1   1   
                  1   1     1   1   
                  1   1     1   1   
                  1   1     1   1   
                  1 7 1 1 111 111   
                                    
                    1   1   1       
                    1   1   1       
  1 11611 111 1111111 1 1 111 1     
                                    
  1     1   1         1       1     
  1     1   1         1       1     
  1     1   1         1       1     
  1     1   1         1       1     
  1 < 111 111 111111111 111 111     
                                    
    1   1                 1   1     
    1   1                 1   1     
1 111 111 5111111111111 111 111 111 
                                    
1                     1   1       1 
1                     1   1       1 
1                     1   1       1 
1                     1   1       1 
1                     1   1       1 
1                     1   1       1 
1                     1   1       1 
1                     1   1       1 
1 11211 111 1111111 111 111 1111111 
                                    
      1   1       1   1             
      1   1       1   1             
      1   1       1   1             
      1   1       1   1             
      1   1       1   1             
      1   1       1   1             
      1 116 1 111 1 111             
                                    
      1     1   1     1             
      1     1   1     1             
      1     1   1     1             
      1     1   1     1             
      1 1 811 1 1 1 111             
                                    
        1     1   1   1             
        1     1   1   1             
        1     1   1   1             
        1     1   1   1             
        1     1   1   1             
        1     1   1   1             
        1     1   1   1             
        1     1   1   1             
    1 111 111 1 111 511 1           
                                    
    1   1   1     1     1           
    1   1   1     1     1           
    1   1   1     1     1           
    1   1   1     1     1           
    1   1   1     1     1           
    1   1   1     1     1           
    1   1   1     1     1           
    1   1   1     1     1           
    1 111 =11 11111 111 1           
                                    
    1             1   1             
    1             1   1             
    1             1   1             
    1             1   1             
    1             1   1             
    1             1   1             
    1             1   1             
    1             1   1             
1 111 111 111111311 111             
                                    
1   1   1         1   1             
1   1   1         1   1             
1   1   1         1   1             
1   1   1         1   1             
1   1   1         1   1             
1   1   1         1   1             
1   1   1         1   1             
1   1   1         1   1             
1 1 1 1 1 111 21111 111             
                                    
  1   1     1                       
  1   1     1                       
1 1 111 1 111 31111                 
                                    
1       1   1     1                 
1       1   1     1                 
1       1   1     1                 
1       1   1     1                 
1       1   1     1                 
1       1   1     1                 
1       1   1     1                 
1       1   1     1                 
1 1 111 1 1 1 1 118                 
                                    
  1   1   1   1                     
  1   1   1   1                     
  1   1   1   1                     
  1   1   1   1                     
  1   1   1   1                     
  1   1   1   1                     
  1   1   1   1                     
  1   1   1   1                     
1 1 111 111 111 113 1111111111111   
                                    
1                 1             1   
1                 1             1   
1                 1             1   
1                 1             1   
1 11111111111111111 =1111 111 111   
                                    
1                       1   1   1   
1                       1   1   1   
1                       1   1   1   
1                       1   1   1   
1                       1   1   1   
1                       1   1   1   
1                       1   1   1   
1                       1   1   1   
5 11111111111111111 111 1 111 111 1 
                                    
1                 1   1           1 
1                 1   1           1 
1                 1   1           1 
1                 1   1           1 
1                 1   1           1 
1                 1   1           1 
1                 1   1           1 
1                 1   1           1 
1 11111 111 1111111 211 111 111 111 
                                    
      1   1           1   1   1     
      1   1           1   1   1     
      1   1           1   1   1     
      1   1           1   1   1     
      1   1           1   1   1     
      1   1           1   1   1     
      1   1           1   1   1     
      1   1           1   1   1     
      1 111 1 111 113 1 111 111     
                                    
      1     1   1   1         1     
      1     1   1   1         1     
      1 111 8 111 111 1 111 111     
                                    
          1           1   1         
          1           1   1         
          1           1   1         
          1           1   1         
          1           1   1         
          1           1   1         
    3 111 1 1 111111111 111 111     
                                    
    1   1   1                 1     
    1   1   1                 1     
    1   1   1                 1     
    1   1   1                 1     
    1   1   1                 1     
    1   1   1                 1     
    1 111 11= 111 1111111 111 1     
                                    
    1       1   1       1   1       
    1       1   1       1   1       
    1       1   1       1   1       
    1       1   1       1   1       
    1       1   1       1   1       
    1       1   1       1   1       
1 111 111 111 111 1111111 611       
                                    
1   1   1                   1       
1   1   1                   1       
1   1   1                   1       
1   1   1                   1       
1   1   1                   1       
1   1   1                   1       
1 111 111 2 111 1111111111111       
                                    
          1   1             1       
          1   1             1       
          1   1             1       
          1   1             1       
  5 1111111 111 11111 111 111 111   
                                    
  1                 1   1       1   
  1                 1   1       1   
  1                 1   1       1   
  1                 1   1       1   
  1                 1   1       1   
  1                 1   1       1   
  7 1 111 111 1111111 111 1 11111   
                                    
    1   1   1             1     1   
    1   1   1             1     1   
1 111 111 111 1 111 1131111 11111   
                                    
1             1   1             1   
1             1   1             1   
1 1111111111111 111 1111111111111   
                                    
                                    
                                    
                                    
                                    
                                    
                                    
                                    
                                    
                                    
                                    
*