Textures/classic13.bmp
1 0
8 185
0
300070707002      
1   1 1 1  1      
1   1 1 1  1      
470760676705      
 1 1   1 1        
 1 1   1 1        
 1 1   1 1        
 1 1   1 1        
367600060607002   
1 1        1  1   
1 1        1  1   
806707000076705   
1  1 1    1 1     
1  1 1    1 1     
8076060000676002  
1 1        1   1  
1 1        1   1  
1 1        1   1  
40:00707000:0705  
  1  1 1   1 1    
  1  1 1   1 1    
  800606070606002 
  1      1      1 
  1      1      1 
  1      1      1 
  8000000:0000009 
  1      1      1 
30600707060000009 
1    1 1        1 
1    1 1        1 
80000606700000009 
1       1       1 
1       1       1 
1       1       1 
80000000:000000062
1       1        1
1       1        1
1       1        1
47000000:070700005
 1      1 1 1     
 1      1 1 1     
 8070070606060702 
 1 1  1       1 1 
 1 1  1       1 1 
 1 1  1       1 1 
 1 1  1       1 1 
 8060060700000609 
 1      1       1 
 1      1       1 
36707000600007009 
1 1 1        1  1 
47606007070706005 
 1     1 1 1      
 1     1 1 1      
 1     1 1 1      
 1     1 1 1      
360000067676007002
1       1 1   1  1
1       1 1   1  1
1       1 1   1  1
1       1 1   1  1
40000700:0:0006705
     1  1 1    1  
     1  1 1    1  
     1  1 1    1  
     1  1 1    1  
3070760060600709  
1 1 1        1 1  
80:0670707000605  
1 1  1 1 1        
80:07676062       
1 1 1 1   1       
40:060:0705       
  1   1 1         
  80076067070002  
  1  1   1 1   1  
  470600760:0075  
   1    1  1  1   
 3060070:07600602 
 1    1 1 1     1 
 1    1 1 1     1 
 1    1 1 1     1 
 1    1 1 1     1 
 8000060:06000009 
 1      1       1 
 1      1       1 
 1      1       1 
 1      1       1 
 80000006700000062
 1       1       1
 47000000600070709
  1          1 1 1
  1          1 1 1
  1          1 1 1
 36000000700060609
 1       1       1
 40700070:07000005
   1   1 1 1      
30760006767600002 
1 1     1 1     1 
1 1     1 1     1 
80600000:06000009 
1       1       1 
1       1       1 
800707006000000062
1  1 1           1
1  1 1           1
800606007000000009
1       1        1
1       1        1
80000000:000000009
1       1        1
807070006000000009
1 1 1            1
1 1 1            1
1 1 1            1
1 1 1            1
80:060000700007009
1 1      1    1  1
40600007067070:005
       1  1 1 1   
       1  1 1 1   
       1  1 1 1   
       1  1 1 1   
      3600:0:0:002
      1   1 1 1  1
      1   1 1 1  1
      800067606009
      1    1     1
  3070670006070009
  1 1  1     1   1
  8060060700060009
  1      1       1
  1      1       1
  8000000:00000009
  1      1       1
  1      1       1
  8000000:00707005
  1      1  1 1   
30:000070600606002
1 1    1         1
806000067000000009
1       1        1
1       1        1
1       1        1
1       1        1
807000006000070709
1 1          1 1 1
1 1          1 1 1
1 1          1 1 1
406000007070767605
        1 1 1 1   
        1 1 1 1   
        1 1 1 1   
   30000:060609   
   1    1     1   
   80000:000009   
   1    1     1   
   1    1     1   
   1    1     1   
   1    1     1   
  3600006700006002
  1      1       1
  1      1       1
  1      1       1
  4000707607000705
      1 1  1   1  
  300060:0060009  
  1     1      1  
  1     1      1  
  1     1      1  
  800000:0707075  
  1     1 1 1 1   
  1     1 1 1 1   
  1     1 1 1 1   
  1     1 1 1 1   
  8000006760606002
  1      1       1
  1      1       1
  400000;600000005
        1         
        1         
        1         
        1         
        1         
*
1 3111111 111 111 11111             
                                    
1       1   1   1     1             
1       1   1   1     1             
1       1   1   1     1             
1       1   1   1     1             
1 1 111 1 111 1 2 1 111             
                                    
  1   1       1   1                 
  1   1       1   1                 
  1   1       1   1                 
  1   1       1   1                 
  1   1       1   1                 
  1   1       1   1                 
  1   1       1   1                 
  1   1       1   1                 
1 1 5 1 1111111 111 111 11111       
                                    
1   1                 1     1       
1   1                 1     1       
1   1                 1     1       
1   1                 1     1       
1 111 7 111 111111111 1 1 111       
                                    
1     1   1         1   1           
1     1   1         1   1           
1     1   1         1   1           
1     1   1         1   1           
1 111 1 111 115111111 1 1 11111     
                                    
1   1                 1       1     
1   1                 1       1     
1   1                 1       1     
1   1                 1       1     
1   1                 1       1     
1   1                 1       1     
1 111 11111 111 1111911 111 111     
                                    
    1     1   1       1   1         
    1     1   1       1   1         
    1     1   1       1   1         
    1     1   1       1   1         
    1 11611 111 111 111 111 11111   
                                    
    1             1             1   
    1             1             1   
    1             1             1   
    1             1             1   
    1             1             1   
    1             1             1   
    1 1111111111111 1111111111112   
                                    
    1             1             1   
    1             1             1   
1 111 11111 111 411 1111111111111   
                                    
1         1   1                 1   
1         1   1                 1   
1         1   1                 1   
1         1   1                 1   
1 111111111 111 1 111111117111111   
                                    
1               1               1   
1               1               1   
1               1               1   
1               1               1   
1               1               1   
1               1               1   
1 111111511111111 111111111111111 1 
                                    
1               1                 1 
1               1                 1 
1               1                 1 
1               1                 1 
1               1                 1 
1               1                 1 
1 1 1111111111119 111 111 111111111 
                                    
  1             1   1   1           
  1             1   1   1           
  1             1   1   1           
  1             1   1   1           
  1 111 11111 116 111 111 111 111   
                                    
  1   1     1               1   1   
  1   1     1               1   1   
  1   1     1               1   1   
  1   1     1               1   1   
  1   1     1               1   1   
  1   1     1               1   1   
  1   1     1               1   1   
  1   1     1               1   1   
  1 111 11111 111 11111111112 111   
                                    
  1             1               1   
  1             1               1   
  1             1               1   
  1             1               1   
1 1 1 113 1111111 111111111 11111   
                                    
1   1   1                 1     1   
1   1   1                 1     1   
1 1 1 111 11111 111 111 111 11117   
                                    
  1           1   1   1             
  1           1   1   1             
  1           1   1   1             
  1           1   1   1             
  1           1   1   1             
  1           1   1   1             
  1           1   1   1             
  1           1   1   1             
1 5 11111111111 1 1 1 1 11111 11111 
                                    
1               1   1       1     1 
1               1   1       1     1 
1               1   1       1     1 
1               1   1       1     1 
1               1   1       1     1 
1               1   1       1     1 
1               1   1       1     1 
1               1   1       1     1 
1 1111<1111 11111 111 1111111 1 111 
                                    
          1     1   1         1     
          1     1   1         1     
          1     1   1         1     
          1     1   1         1     
          1     1   1         1     
          1     1   1         1     
          1     1   1         1     
          1     1   1         1     
1 111 111 1 11111 111 31111 111     
                                    
1   1   1                 1   1     
1   1   1                 1   1     
1 111 112 1 111 111 1111111 111     
                                    
1   1     1   1   1                 
1   1     1   1   1                 
1 111 511 1 1 1 111 1               
                                    
1   1   1   1       1               
1   1   1   1       1               
1 111 111 111 111 811               
                                    
    1       1   1                   
    1       1   1                   
    1 11111 1 111 1 111 1111411     
                                    
    1     1       1   1       1     
    1     1       1   1       1     
    1 1 111 11111 1 111 11111 1     
                                    
      1         1     1     1       
      1         1     1     1       
  1 111 11111 111 111 1 11111 611   
                                    
  1         1   1   1           1   
  1         1   1   1           1   
  1         1   1   1           1   
  1         1   1   1           1   
  1         1   1   1           1   
  1         1   1   1           1   
  1         1   1   1           1   
  1         1   1   1           1   
  1 111111211 111 111 11111111111   
                                    
  1             1               1   
  1             1               1   
  1             1               1   
  1             1               1   
  1             1               1   
  1             1               1   
  1             1               1   
  1             1               1   
  1 1111111111511 1 1111111111111 1 
                                    
  1               1               1 
  1               1               1 
  1 1 1171111111111 1111111 111 111 
                                    
    1                     1   1   1 
    1                     1   1   1 
    1                     1   1   1 
    1                     1   1   1 
    1                     1   1   1 
    1                     1   1   1 
  1 1 1111111111111 1111111 611 111 
                                    
  1               1               1 
  1               1               1 
  1 111 1111111 111 111 11111111111 
                                    
      1       1   1   1             
      1       1   1   1             
1 111 1 1111111 1 1 1 6 111111111   
                                    
1   1           1   1           1   
1   1           1   1           1   
1   1           1   1           1   
1   1           1   1           1   
1 111 21111111111 111 11111111111   
                                    
1               1               1   
1               1               1   
1               1               1   
1               1               1   
1 61111 111 11111 111111111111111 1 
                                    
1     1   1                       1 
1     1   1                       1 
1     1   1                       1 
1     1   1                       1 
1 11111 111 11111 11111111118111111 
                                    
1               1                 1 
1               1                 1 
1               1                 1 
1               1                 1 
1 111111111141111 11111111111111111 
                                    
1               1                 1 
1               1                 1 
1 111 111 1111111 11911111111111111 
                                    
1   1   1                         1 
1   1   1                         1 
1   1   1                         1 
1   1   1                         1 
1   1   1                         1 
1   1   1                         1 
1   1   1                         1 
1   1   1                         1 
1 111 111 111111111 111111111 41111 
                                    
1   1             1         1     1 
1   1             1         1     1 
1 111 111111111 111 2 111 111 11111 
                                    
              1     1   1   1       
              1     1   1   1       
              1     1   1   1       
              1     1   1   1       
              1     1   1   1       
              1     1   1   1       
              1     1   1   1       
              1     1   1   1       
            1 1 11111 111 116 11111 
                                    
            1       1   1   1     1 
            1       1   1   1     1 
            1       1   1   1     1 
            1       1   1   1     1 
            1 1111111 7 1 111 11111 
                                    
            1         1           1 
            1         1           1 
    1 111 111 1 1111111 111 1111411 
                                    
    1   1     1           1       1 
    1   1     1           1       1 
    1 111 11111 111 1111111 1111111 
                                    
    1             1               1 
    1             1               1 
    1             1               1 
    1             1               1 
    1 1111111111111 111111511111111 
                                    
    1             1               1 
    1             1               1 
    1             1               1 
    1             1               1 
    1 1111111111111 11211 111 11111 
                                    
    1             1     1   1       
    1             1     1   1       
1 111 111111111 111 11511 111 11111 
                                    
1   1         1                   1 
1   1         1                   1 
7 111 111111111 1 11111111111111111 
                                    
1               1                 1 
1               1                 1 
1               1                 1 
1               1                 1 
1               1                 1 
1               1                 1 
1               1                 1 
1               1                 1 
1 111 11111111111 111111111 111 611 
                                    
1   1                     1   1   1 
1   1                     1   1   1 
1   1                     1   1   1 
1   1                     1   1   1 
1   1                     1   1   1 
1   1                     1   1   1 
1 111 <1111111111 111 111 1 1 1 111 
                                    
                1   1   1   1       
                1   1   1   1       
                1   1   1   1       
                1   1   1   1       
                1   1   1   1       
                1   1   1   1       
      6 111111111 111 111 111       
                                    
      1         1           1       
      1         1           1       
      1 111111111 11111111112       
                                    
      1         1           1       
      1         1           1       
      1         1           1       
      1         1           1       
      1         1           1       
      1         1           1       
      1         1           1       
      1         1           1       
    1 1 111111111 1 111111114 11111 
                                    
    1             1               1 
    1             1               1 
    1             1               1 
    1             1               1 
    1             1               1 
    1             1               1 
    1 8111111 111 1 111 1111111 111 
                                    
            1   1     1       1     
            1   1     1       1     
    1 1111111 116 11111 1111111     
                                    
    1           1             1     
    1           1             1     
    1           1             1     
    1           1             1     
    1           1             1     
    1           1             1     
    1 11111111111 111 111 119 1     
                                    
    1           1   1   1   1       
    1           1   1   1   1       
    1           1   1   1   1       
    1           1   1   1   1       
    1           1   1   1   1       
    1           1   1   1   1       
    1           1   1   1   1       
    1           1   1   1   1       
    1 11111111111 1 1 111 111 51111 
                                    
    1             1               1 
    1             1               1 
    1             1               1 
    1             1               1 
    1 1111111111111 111111111111111 
                                    
                                    
                                    
                                    
                                    
                                    
                                    
                                    
                                    
                                    
                                    
*