Textures/garden1.bmp
10 0
10 142
0
300070000070002   
1   1     1   1   
1H  1B  B 1C  1   
1   1     1   4002
1G  1     1      1
1   1     1      1
407060700060700009
  1   1     1    1
  1C  1 D   1    1
  1   1     1    1
  1   400070:00005
  1       1 1     
309       1 1     
1 400070005 1     
1     1     800002
1     1     1    1
800000:000009F G 1
1     1     1    1
1C  C 1 J   1H E 1
1     1     1    1
400070600700600705
    1    1     1  
    1S U 1     1  
    1    1  I  1  
    1M O 1     1  
300060070600700602
1      1    1    1
1Y Z [ 1 C  1Y [ 1
400070060700600705
    1    1     1  
    1S U 1C  C 1  
30009    1     1  
1   1M O 1 E G 1  
1 B 40000:007005  
1        1  1     
4000700009  1     
    1    1  1     
    1 C  4075     
    4002   1      
       1 F 4002   
       1      1   
300007060000705   
1    1      1     
1 C  1E  G  80002 
1    1      1   1 
40000:0007005 B 1 
     1   1      1 
     1 C 1D     1 
     1   40007005 
     1       1    
     1F G  I 1 K  
     1       1    
30000:000000067002
1    1        1  1
1 H  1C  B  C 1  1
1    1        1  1
1 G  1        1  1
1    1E  D  F 1  1
407009        1  1
  1  1        8009
  1X 1C  B  C 1  1
  1  8000000009X 1
  1W 1        1  1
309  8000000009V 1
1 1V 1        8005
1 40060002 I  1   
1        1    1   
400070000600706002
    1       1    1
    1C  B C 1G H 1
    1       1    1
300060000700600009
1        1       1
4000700009 J     1
    1    1       1
    1S U 800000005
    1    1        
    1M O 1        
    80000600000072
    1           11
30009 B   D   C 11
1   1           11
1   1           11
1   1E F  I G H 11
4000:0000070070069
    1     1  1   1
S U 1B  I 1  1 C 1
    1     1  1   1
M O 4000009  80005
          1  1    
J         1  1Y [ 
      300060060002
      1          1
      1D   C   D 1
   J  1          1
      407000700075
        1   1   1 
        1 G 1 H 1 
Y Z Z [ 1   1   1 
30007000607060705 
1   1     1   1   
1 F 1C  C 1 E 1   
1   1     1   1   
40705     40705   
  1   I     1     
  1         1     
  1G      H 1     
  1         800002
  80000007005    1
  1      1    C  1
  1S T U 1D      1
  1      1       1
  1M N O 800007009
  40070005    1  1
     1        1  1
 30006000000705  1
 1          1    1
 80000000000:00009
 1          1    1
 1Y Z Z Z [ 1 C  1
 800000000705    1
 1        1    E 1
 40000700060700005
      1     1     
      1B  C 1     
      1     1     
 3007060007060002 
 1  1     1     1 
 1  1 C   1  B  1 
 1E 4070006007005 
 1    1      1    
 1F G 8002 H 1    
 800005  1   1    
 1       80006002 
 1  C    1      1 
 4007000760007005 
    1   1    1    
    1J  1Y [ 1    
    400060;005    
          1       
          1       
          1       
          1       
*
1 1111111 11111111111 1111111       
                                    
1       1           1       1       
1       1           1       1       
1       1           1       1       
1       1           1       1       
1       1           1       1 11111 
1       1           1               
1       1           1             1 
1       1           1             1 
1       1           1             1 
1       1           1             1 
1 111 111 111 1111111 111 111111111 
                                    
    1       1           1         1 
    1       1           1         1 
    1       1           1         1 
    1       1           1         1 
    1       1           1         1 
    1       1           1         1 
    1       2 1111111 111 111111111 
    1                               
    1               1   1           
    1               1   1           
1 111               1   1           
                    1   1           
1   1 1111115 1111111   1           
1                       1           
1           1           1 111111111 
1           1                       
1           1           1         1 
1           1           1         1 
1 11111111111 11111111111         1 
                                  1 
1           1           1         1 
1           1           1         1 
1           1           1         1 
1           1           1         1 
1           1           1         1 
1           1           1         1 
1 1111118 111 11111 11111 11111 111 
                                    
        1         1           1     
        1         1           1     
        1         1           1     
        1         1           1     
        1         1           1     
        1         1           1     
        1         1           1     
        1         1           1     
1 1111111 11111 111 11111 11114 111 
                                    
1             1         1         1 
1             1         1         1 
1             1         1         1 
1             1         1         1 
1 1111111 11111 111 11111 11111 111 
                                    
        1         1           1     
        1         1           1     
        1         1           1     
        1         1           1     
1 1111111         1           1     
                  1           1     
1       1         1           1     
1       1         1           1     
1       1 111111111 11112 11111     
1                                   
1                 1     1           
1                 1     1           
1 1111111 111111111     1           
                        1           
        1         1     1           
        1         1     1           
        1         1 111 1           
        1                           
        1 11111       1             
                      1             
              1       1 11111       
              1                     
              1             1       
              1             1       
1 111111111 111 111111111 111       
                                    
1         1             1           
1         1             1           
1         1             1 1111111   
1         1                         
1         1             1       1   
1         1             1       1   
1 11111111< 1111111 11111       1   
                                1   
          1       1             1   
          1       1             1   
          1       1             1   
          1       1             1   
          1       1 1111111 11111   
          1                         
          1               1         
          1               1         
          1               1         
          1               1         
          1               1         
          1               1         
1 111111116 111111111111113 1 11111 
                                    
1         1                 1     1 
1         1                 1     1 
1         1                 1     1 
1         1                 1     1 
1         1                 1     1 
1         1                 1     1 
1         1                 1     1 
1         1                 1     1 
1         1                 1     1 
1         1                 1     1 
1 117 11111                 1     1 
                            1     1 
    1     1                 1 11111 
    1     1                         
    1     1                 1     1 
    1     1                 1     1 
    1     1 11111111111111111     1 
    1                             1 
    1     1                 1     1 
    1     1                 1     1 
1 111     1 11111111111111111     1 
                                  1 
1   1     1                 1 11111 
1   1     1                         
1   1 11111 1111111         1       
1                           1       
1                 1         1       
1                 1         1       
1 1111111 111111111 11111 119 11111 
                                    
        1               1         1 
        1               1         1 
        1               1         1 
        1               1         1 
        1               1         1 
        1               1         1 
1 1111112 111111111 11111 111111111 
                                    
1                 1               1 
1                 1               1 
1 1111111 111111111               1 
                                  1 
        1         1               1 
        1         1               1 
        1         1 111111111111111 
        1                           
        1         1                 
        1         1                 
        1         1                 
        1         1                 
        1 111111111 1111111111111 1 
                                    
        1                       1 1 
        1                       1 1 
1 1111111                       1 1 
                                1 1 
1       1                       1 1 
1       1                       5 4 
1       1                       1 1 
1       1                       1 1 
1       1                       1 1 
1       1                       1 1 
1 111111= 11111111111 11111 11111 1 
                                    
        1           1     1       1 
        1           1     1       1 
        1           1     1       1 
        1           1     1       1 
        1           1     1       1 
        1           1     1       1 
        1 11111111111     1 1111111 
                                    
                    1     1         
                    1     1         
                    1     1         
                    1     1         
            1 1111111 11111 1111111 
                                    
            1                     1 
            1                     1 
            1                     1 
            1                     1 
            1                     1 
            1                     1 
            1 111 1111112 1111111 1 
                                    
                1       1       1   
                1       1       1   
                1       1       1   
                1       1       1   
                1       1       1   
                1       1       1   
1 1111111 1111111 111 111 111 111   
                                    
1       1           1       1       
1       1           1       1       
1       1           1       1       
1       1           1       1       
1       1           1       1       
1       1           1       1       
1 114 111           1 113 111       
                                    
    1                   1           
    1                   1           
    1                   1           
    1                   1           
    1                   1           
    1                   1           
    1                   1 111111111 
    1                               
    1 1111111111111 11111         1 
                                  1 
    1             1               1 
    1             1               1 
    1             1               1 
    1             1               1 
    1             1               1 
    1             1               1 
    1             1 111111111 11111 
    1                               
    1 11111 1111111         1     1 
                            1     1 
          1                 1     1 
          1                 1     1 
  1 111111< 1111111111111 111     1 
                                  1 
  1                     1         1 
  1                     1         1 
  1 111111111111111111111 111111111 
                                    
  1                     1         1 
  1                     1         1 
  1                     1         1 
  1                     1         1 
  1 11111111111111111 111         1 
                                  1 
  1                 1             1 
  1                 1             1 
  1 111111111 1111111 111 111111113 
                                    
            1           1           
            1           1           
            1           1           
            1           1           
            1           1           
            1           1           
  1 11111 111 1111112 111 1111111   
                                    
  1     1           1           1   
  1     1           1           1   
  1     1           1           1   
  1     1           1           1   
  1     1 111 1111111 11111 11111   
  1                                 
  1         1             1         
  1         1             1         
  1         1 11111       1         
  1                       1         
  1 111111111     1       1         
                  1       1         
  1               1 1111111 11111   
  1                                 
  1               1             1   
  1               1             1   
  4 11111 1111111 1 1111111 11111   
                                    
        1       1         1         
        1       1         1         
        1       1         1         
        1       1         1         
        1 1111111 11  11111         
                                    
                                    
                                    
                                    
                                    
                                    
                                    
                                    
                                    
*