Textures/town1.bmp
0 1
10 177
0
                  
300000700000000002
1     1          1
1  G  1 E  F   F 1
800000:00000700009
1     1     1    1
1     1     1 E  1
1B    1C    1    1
800000600000:00009
1           1    1
1 G    G    1    1
1        E  1 H  1
1           1    1
1   D       1    1
800007000700600009
1    1   1       1
1 H  1 F 1G F  G 1
1    1   1       1
80000:000:00000009
1    1   1       1
1 G  1 E 1       1
1    1   1C   B  1
1    1 F 800000009
1 E  1   1       1
1    1   1F G  F 1
80000:000600707005
1    1      1 1   
1 F  1G H G 1 1   
1    1      1 1   
80000600000060:002
1             1  1
1    G      F 1  1
1B      C     1  1
80000000700000:009
1       1     1  1
1   F   1     1  1
40700700:000076009
  1  1  1    1   1
  1  1  1    1   1
  1E 1  1    1 E 1
  1  1  1    1   1
  1  1  1A   1   1
306006006000060009
1                1
1F  G   H   G  F 1
800000700007000705
1     1    1   1  
1     1 F  1   1  
1 C   1    1B  1  
800000:0000:000602
1     1    1     1
1  H  1 G  1  F  1
1     1    1     1
400000:0000:000009
      1    1     1
      1    1E  F 1
  D   1C   1     1
30000060000:000009
1          1     1
1 G  H  G  1     1
1          1 B   1
800000700006000009
1     1          1
1     1    G     1
1 B   1 E     E  1
800000:00000700009
1     1     1    1
1  F  1     1    1
1     1     1 H  1
1  E  1     1    1
1     1A    1    1
800000600000600009
1                1
1 G F   G   F G  1
407000000700000009
  1      1       1
  1    H 1     E 1
  1      1       1
  1 C    1 B     1
306000000600000009
1                1
1G      F      G 1
1                1
800000000000000009
1                1
1 G           G  1
1                1
1  E    D     E  1
1                1
800000070000700009
1      1    1    1
1      1    1    1
1 C  E 1B   1C   1
8000000:0000607005
1      1      1   
1  G   1  E   1   
1      1      1   
8000000:0007006002
1      1   1     1
1F   F 1 G 1     1
1      1   1 D   1
1  H   1   1     1
40070006000:000705
   1       1   1  
   1  E    1   1  
300:0000000:000602
1  1       1     1
1  1       1F  G 1
1  1       1     1
1E 1       1 E   1
1  1 A     1     1
800600070006000009
1      1         1
1G   H 1F  G   F 1
8000000:0000000009
1      1         1
1      1         1
1      1       E 1
1 A    1  A      1
4007000:0000070009
   1   1     1   1
   1   1F  G 1 F 1
   1 E 1     1   1
   4000:00000:0005
       1     1    
       1     1    
    D  1 B   1    
       8000009    
       1     1    
       1  G  1    
     30600700602  
     1    1    1  
     1 F  1 F  1  
   3060000:00075  
   1      1   1   
   1    G 1 E 1   
   1 C    1   1   
   400070067005   
       1   1      
       1 H 1      
    B  1   1E     
3000000:000:000002
1      1   1     1
1G   F 1   1F  G 1
1      1D  1     1
80007006000:000009
1   1      1     1
1   1G   G 1     1
1   1  H   1     1
1C  1      1 B   1
800060700076000009
1     1   1      1
1     1   1G     1
1     1 E 1      1
1 D   1   1  C   1
800000607060700009
1       1   1    1
1       1G  1 G  1
1       1   1    1
1 A     1F  1 H  1
407007006000:00009
  1  1      1    1
  1  1  F   1    1
  1E 1      1D   1
306006070000:00005
1      1    1     
1      1    1F G  
1 C    1 B  1     
8007000:0000600002
1  1   1         1
1F 1   1G      G 1
1  1E  1    H    1
4006000600;0000005
          1       
   F      1F      
       B  1     E 
 E        1       
          1 D     
*
                                    
                                    
1 11111111111 111111111111111111111 
                                    
1           1                     1 
1           1                     1 
1           1                     1 
1           1                     1 
1 11111111111 11111111111 111111111 
                                    
1           1           1         1 
1           1           1         1 
1           1           1         1 
1           1           1         1 
1           1           1         1 
1           1           1         1 
1 11111111111 11111111111 111111113 
                                    
1                       1         1 
1                       1         1 
1                       1         1 
1                       1         1 
1                       1         1 
1                       1         1 
1                       1         1 
1                       1         1 
1                       1         1 
1                       1         1 
1 111111111 1111111 11112 111111111 
                                    
1         1       1               1 
1         1       1               1 
1         1       1               1 
1         1       1               1 
1         1       1               1 
1         1       1               1 
4 111111111 1111111 111111111111111 
                                    
1         1       1               1 
1         1       1               1 
1         1       1               1 
1         1       1               1 
1         1       1               1 
1         1       1               1 
1         1       1 111111111111111 
1         1                         
1         1       1               1 
1         1       1               1 
1         1       1               1 
1         1       1               1 
1 11111111: 1111111 11111 111 11116 
                                    
1         1             1   1       
1         1             1   1       
1         1             1   1       
1         1             1   1       
1         1             1   1       
1         1             1   1       
1 111111111 1111111111111 111 11111 
                                    
1                           1     1 
1                           1     1 
1                           1     1 
1                           1     1 
1                           1     1 
1                           1     1 
5 111111111111111 1111111111B 11111 
                                    
1               1           1     1 
1               1           1     1 
1               1           1     1 
1               1           1     1 
1 111 11111 11111 111111111 1 11111 
                                    
    1     1     1         1       1 
    1     1     1         1       1 
    1     1     1         1       1 
    1     1     1         1       1 
    1     1     1         1       1 
    1     1     1         1       1 
    1     1     1         1       1 
    1     1     1         1       1 
    1     1     1         1       1 
    1     1     1         1       1 
1 111 11111 11111 111111111 1111111 
                                    
1                                 1 
1                                 1 
1                                 1 
1                                 1 
1 11111111118 11111111: 1111111 111 
                                    
1           1         1       1     
1           1         1       1     
1           1         1       1     
1           1         1       1     
1           1         1       1     
1           1         1       1     
1 11111111111 111111111 1111111 111 
                                    
1           1         1           1 
1           1         1           1 
1           1         1           1 
1           1         1           1 
1           1         1           1 
1           1         1           1 
1 11111111111 111111111 11111111113 
                                    
            1         1           1 
            1         1           1 
            1         1           1 
            1         1           1 
            1         1           1 
            1         1           1 
2 11111111111 111111111 11111111111 
                                    
1                     1           1 
1                     1           1 
1                     1           1 
1                     1           1 
1                     1           1 
1                     1           1 
1 11111111111 111111111 11111111111 
                                    
1           1                     1 
1           1                     1 
1           1                     1 
1           1                     1 
1           1                     1 
1           1                     1 
1 11111111111 11111111111 111111115 
                                    
1           1           1         1 
1           1           1         1 
1           1           1         1 
1           1           1         1 
1           1           1         1 
1           1           1         1 
1           1           1         1 
1           1           1         1 
1           1           1         1 
1           1           1         1 
3 11111111111 11111111111 111111111 
                                    
1                                 1 
1                                 1 
1                                 1 
1                                 1 
1 111 1111111111111 111111111111111 
                                    
    1             1               1 
    1             1               1 
    1             1               1 
    1             1               1 
    1             1               1 
    1             1               1 
    1             1               1 
    1             1               1 
1 111 111111111111: 111111111111111 
                                    
1                                 1 
1                                 1 
1                                 1 
1                                 1 
1                                 1 
1                                 1 
1 111111131115111121111511131111111 
                                    
1                                 1 
1                                 1 
1                                 1 
1                                 1 
1                                 1 
1                                 1 
1                                 1 
1                                 1 
1                                 1 
1                                 1 
1 1111111111111 111111111 111111111 
                                    
1             1         1         1 
1             1         1         1 
1             1         1         1 
1             1         1         1 
1             1         1         1 
1             1         1         1 
1 1111111111111 111111111 11B 11111 
                                    
1             1             1       
1             1             1       
1             1             1       
1             1             1       
1             1             1       
1             1             1       
6 1111111111111 1111111 11111 11111 
                                    
1             1       1           1 
1             1       1           1 
1             1       1           1 
1             1       1           1 
1             1       1           1 
1             1       1           1 
1             1       1           1 
1             1       1           1 
1 11111 1111117 1111112 1111111 111 
                                    
      1               1       1     
      1               1       1     
      1               1       1     
      1               1       1     
1 11111 111111111111111 1111111 111 
                                    
1     1               1           1 
1     1               1           1 
1     1               1           1 
1     1               1           1 
1     1               1           1 
1     1               1           1 
1     1               1           1 
1     1               1           1 
1     1               1           1 
1     1               1           1 
1 11111 1111111 1111111 11111111113 
                                    
1             1                   1 
1             1                   1 
1             1                   1 
1             1                   1 
4 1111111111111 1111111111111111111 
                                    
1             1                   1 
1             1                   1 
1             1                   1 
1             1                   1 
1             1                   1 
1             1                   1 
1             1                   1 
1             1                   1 
1 11111 1111112 11111111111 1111111 
                                    
      1       1           1       1 
      1       1           1       1 
      1       1           1       1 
      1       1           1       1 
      1       1           1       1 
      1       1           1       1 
      1 1111111 11111111118 1111111 
                                    
              1           1         
              1           1         
              1           1         
              1           1         
              1           1         
              1           1         
              6 1111111111:         
                                    
              1           1         
              1           1         
              1           1         
              1           1         
          1 111 11111 11111 111     
                                    
          1         1         1     
          1         1         1     
          1         1         1     
          1         1         1     
      1 111 111111111 1111111 1     
                                    
      1             1       1       
      1             1       1       
      1             1       1       
      1             1       1       
      1             1       1       
      1             1       1       
      5 1111111 11111 1 11111       
                                    
              1       1             
              1       1             
              1       1             
              1       1             
              1       1             
              1       1             
1 1111111111111 1111111 11111111111 
                                    
1             1       1           1 
1             1       1           1 
1             1       1           1 
1             1       1           1 
1             1       1           1 
1             1       1           1 
1 1111111 11113 111111: 11111111111 
                                    
1       1             1           1 
1       1             1           1 
1       1             1           1 
1       1             1           1 
1       1             1           1 
1       1             1           1 
1       1             1           1 
1       1             1           1 
1 1111111 111 1111111 1 11111111111 
                                    
1           1       1             1 
1           1       1             1 
1           1       1             1 
1           1       1             1 
1           1       1             1 
1           1       1             1 
1           1       1             1 
1           1       1             1 
4 11111111111 111 111 112 111111111 
                                    
1               1       1         1 
1               1       1         1 
1               1       1         1 
1               1       1         1 
1               1       1         1 
1               1       1         1 
1               1       1         1 
1               1       1         1 
1 111 11111 11111 1111111 111111111 
                                    
    1     1             1         1 
    1     1             1         1 
    1     1             1         1 
    1     1             1         1 
    1     1             1         1 
    1     1             1         1 
1 111 11117 111 111111111 111111111 
                                    
1             1         1           
1             1         1           
1             1         1           
1             1         1           
1             1         1           
1             1         1           
1 11111 1111112 111111111 111111111 
                                    
1     1       1                   1 
                                  1 
1     1       1                   1 
1     1       1                   1 
1     1       1                   1 
1     1       1                   1 
1 11111 1111111 1111  1111111111113 
                                    
                                    
                                    
                                    
                                    
                                    
                                    
                                    
                                    
                                    
                                    
*