Textures/classic7.bmp
5 0
5 193
0
    302           
    1 1           
    475           
     1            
     1            
300006000700070002
1        1   1   1
1        1   1   1
1        1   1   1
1        1   80009
1        1   1   1
1        1   1   1
4070000006000:0009
  1          1   1
  1          1   1
  1    3000009   1
  1    1     1   1
  1    1     1   1
  1    1     1   1
  80000:00000:0009
  1    1     1   1
  1    1     1   1
  1    1     1   1
  80000:000009   1
  1    1     1   1
  1    1     1   1
  1    1     1   1
  1    40070060009
  1       1      1
  1       1      1
30600000009      1
1         1      1
1         1      1
1         1      1
800000070060000009
1      1         1
1      1         1
1      1         1
4000000:0007000705
       1   1   1  
       1   1   1  
       1   1   1  
  3000060006000:02
  1            1 1
  1            1 1
  4000070000700605
       1    1     
3000000:00009     
1      1    1     
1      1    1     
800700060000602   
1  1          1   
1  1          1   
800:0000000000:002
1  1          1  1
1  1          1  1
400:0000000000:009
   1          1  1
   1          1  1
   400070007006009
       1   1     1
       1   1     1
       1   1     1
       8070:007005
       1 1 1  1   
       1 1 1  1   
       1 1 1  1   
       1 40:005   
       1   1      
       470767002  
        1 1 1  1  
        1 1 1  1  
        809 8009  
        1 1 1  1  
        1 1 1  1  
        1 806709  
        1 1  1 1  
        1 1  1 802
        40607609 1
            1  1 1
            1  1 1
          30:07675
          1 1 1 1 
          1 1 1 1 
          809 1 1 
          1 1 1 1 
          1 47675 
          1  1 1  
          8009 1  
          1  809  
          1  1 1  
          8005 1  
          1    1  
300000007060000602
1       1        1
1 30000060000002 1
1 1            1 1
809            809
1 1            1 1
1 40000070000005 1
1       1        1
400000006070000705
          1    1  
          8002 1  
          1  1 1  
          1  809  
          8009 1  
          1  1 1  
          1 36762 
          1 1 1 1 
          809 1 1 
          1 1 1 1 
          1 1 1 1 
          40:06762
            1  1 1
            1  1 1
        30706709 1
        1 1  1 805
        1 1  1 1  
        1 807609  
        1 1 1  1  
        1 1 1  1  
       360676005  
       1   1      
       1 30:002   
       1 1 1  1   
       1 1 1  1   
       1 1 1  1   
       8060:006002
       1   1     1
       1   1     1
       1   1     1
   300060006007009
   1          1  1
   1          1  1
300:0000000000:009
1  1          1  1
1  1          1  1
800:0000000000:005
1  1          1   
1  1          1   
800600070000705   
1      1    1     
1      1    1     
4000000:00009     
       1    1     
  300009    1     
  1    1    1     
  8000060000600702
  1            1 1
  1            1 1
  4000070007000:05
       1   1   1  
       1   1   1  
       1   1   1  
3000000:0006000602
1      1         1
1      1         1
1      1         1
800000060070000009
1         1      1
1         1      1
1         1      1
40700000009      1
  1       1      1
  1       1      1
  1    30060070009
  1    1     1   1
  1    1     1   1
  1    1     1   1
  80000:000009   1
  1    1     1   1
  1    1     1   1
  1    1     1   1
  80000:00000:0009
  1    1     1   1
  1    1     1   1
  1    1     1   1
  1    4000009   1
  1          1   1
  1          1   1
3060000007000:0009
1        1   1   1
1        1   1   1
1        1   80009
1        1   1   1
1        1   1   1
1        1   1   1
40000;000600060005
     1            
     1            
     1            
     1            
     1            
*
        1 111                       
                                    
        1   1                       
        1   1                       
        1 1 1                       
                                    
          1                         
          1                         
          1                         
          1                         
1 111111111 1111111 1111111 1111111 
                                    
1                 1       1       1 
1                 1       1       1 
1                 1       1       1 
1                 1       1       1 
1                 1       1       1 
1                 1       1       1 
1                 1       1 1111111 
1                 1                 
1                 1       1       1 
1                 1       1       1 
1                 1       1       1 
1                 1       1       1 
1 111 1111111111114 1111111 1111111 
                                    
    1                     1       1 
    1                     1       1 
    1                     1       1 
    1                     1       1 
    1         2 11111111111       1 
    1                             1 
    1         1           1       1 
    1         1           1       1 
    1         1           1       1 
    1         1           1       1 
    1         1           1       1 
    1         1           1       1 
    3 111111111 11111111111 1111111 
                                    
    1         1           1       1 
    1         1           1       1 
    1         1           1       1 
    1         1           1       1 
    1         1           1       1 
    1         1           1       1 
    1 111111111 11111111111       1 
                                  1 
    1         1           1       1 
    1         1           1       1 
    1         1           1       1 
    1         1           1       1 
    1         1           1       1 
    1         1           1       1 
    1         : 11111 11111 1111116 
    1                               
    1               1             1 
    1               1             1 
    1               1             1 
    1               1             1 
1 111 111111111111111             1 
                                  1 
1                   1             1 
1                   1             1 
1                   1             1 
1                   1             1 
1                   1             1 
1                   1             1 
1 1111111111111 11117 1111111111111 
                                    
1             1                   1 
1             1                   1 
1             1                   1 
1             1                   1 
1             1                   1 
1             1                   1 
1 1111111111111 1111111 1111111 111 
                                    
              1       1       1     
              1       1       1     
              1       1       1     
              1       1       1     
              1       1       1     
              1       1       1     
    1 111111111 1111111 1111111 111 
                                    
    1                         1   1 
    1                         1   1 
    1                         1   1 
    1                         1   1 
    1 111111111 111111111 11111 111 
                                    
              1         1           
              1         1           
1 1111111111111 111111111           
                                    
1             1         1           
1             1         1           
1             1         1           
1             1         1           
1 11111 1111111 111111111 111       
                                    
1                           1       
1                           1       
1                           1       
1                           1       
1 11113 11111111111 111111111 11111 
                                    
1     1                     1     1 
1     1                     1     1 
1     1                     1     1 
1     1                     1     1 
1 11111 111111111111111111111 11111 
                                    
      1                     1     1 
      1                     1     1 
      1                     1     1 
      1                     1     1 
      1 1111111 1111117 11111 11111 
                                    
              1       1           1 
              1       1           1 
              1       1           1 
              1       1           1 
              1       1           1 
              1       1           1 
              1 111 111 11115 11111 
                                    
              1   1   1     1       
              1   1   1     1       
              1   1   1     1       
              1   1   1     1       
              1   1   1     1       
              1   1   1     1       
              1   1 111 11111       
              1                     
              1       1             
              1       1             
              1 1 111 : 1 11111     
                                    
                1   1   1     1     
                1   1   1     1     
                1   1   1     1     
                1   1   1     1     
                1 111   1 11111     
                                    
                1       1     1     
                1   1   1           
                1   1         1     
                1   1   1     1     
                1   1 111 1 111     
                1                   
                1   1     1         
                1   1     1   1     
                1         1   1 111 
                1   1     1         
                1 111 111 1 111   1 
                                    
                        1     1   1 
                        1     1   1 
                        1     1   1 
                        1     1   1 
                    1 1 2 111 1 1 1 
                                    
                    1   1   1   1   
                    1       1   1   
                    1   1   1   1   
                    1   1   1   1   
                    1 111       1   
                            1   1   
                    1   1   1   1   
                    1   1       1   
                    1   1 1 1 1 1   
                    1               
                    1     1         
                    1     1   1     
                    1 11111   1     
                              1     
                    1     1 111     
                    1               
                    1     1   1     
                    1     1   1     
                    6 11111   1     
                              1     
                    1         1     
                    1         1     
1 1111111 1111 11  11 111111111 111 
                                    
1               1                 1 
1               1                   
1   5 11111111111 1111111111111   1 
1                                 1 
1   1                         1   1 
1   1                             1 
2 111                         1 1 1 
                                    
1   1                         1   1 
1                             1   1 
1   1 1 1111111 1 1111 1111 114   1 
1                                 1 
1               1                 1 
1               1                 1 
1 11 111 11111111 111 111111111 111 
                                    
                    1         1     
                    1         1     
                    1 1  11         
                              1     
                    1     1   1     
                    1     1   1     
                    1     1 111     
                    1               
                    6 11111   1     
                              1     
                    1     1   1     
                    1     1   1     
                    1   1 1 1 1 1   
                    1               
                    1   1   1   1   
                    1   1   1   1   
                    1 1 1   1   1   
                            1   1   
                    1   1   1   1   
                    1   1   1       
                    1   1   1   1   
                    1   1   1   1   
                    1 112 111 1 1 1 
                                    
                        1     1   1 
                        1         1 
                        1     1   1 
                        1     1   1 
                1 111 111 1 111   1 
                                  1 
                1         1   1 111 
                1   1     1         
                1   1     1   1     
                1   1     1   1     
                1   1 111 1 1 1     
                1                   
                1   1   1     1     
                1       1     1     
                1   1   1     1     
                1   1   1     1     
              1 1 111 1 1  1111     
                                    
              1       1             
              1       1             
              1   1   : 1 111       
              1                     
              1   1   1     1       
              1   1   1     1       
              1   1   1     1       
              1   1   1     1       
              1   1   1     1       
              1   1   1     1       
              1 115 111 11111 1 111 
                                    
              1       1           1 
              1       1           1 
              1       1           1 
              1       1           1 
              1       1           1 
              1       1           1 
      1 1111111 11 1117 11111 11 11 
                                    
      1                     1     1 
      1                     1     1 
      1                     1     1 
      1                     1     1 
1 11111  11111111111111111 11 1 111 
                                    
1     1                     1     1 
1     1                     1     1 
1     1                     1     1 
1     1                     1     1 
1 11111 111111111111111111111 11111 
                                    
1     1                     1       
1     1                     1       
1     1                     1       
1     1                     1       
1 11111 1111111 111111111 111       
                                    
1             1         1           
1             1         1           
1             1         1           
1             1         1           
2 1111111111111 111111115           
                                    
              1         1           
              1         1           
    1 111111111         1           
                        1           
    1         1         1           
    1         1         1           
    1 111111111 111111111 11111 111 
                                    
    1                         1   1 
    1                         1   1 
    1                         1   1 
    1                         1   1 
    : 111111111 1111111 1111111 111 
                                    
              1       1       1     
              1       1       1     
              1       1       1     
              1       1       1     
              1       1       1     
              1       1       1     
1 1111111111111 1111111 1111111 111 
                                    
1             1                   1 
1             1                   1 
1             1                   1 
1             1                   1 
1             1                   1 
1             1                   1 
1 1111111111118 11111 1111111111114 
                                    
1                   1             1 
1                   1             1 
1                   1             1 
1                   1             1 
1                   1             1 
1                   1             1 
1 111 111111111111111             1 
                                  1 
    1               1             1 
    1               1             1 
    1               1             1 
    1               1             1 
    1         : 11111 11111 1111111 
    1                               
    1         1           1       1 
    1         1           1       1 
    1         1           1       1 
    1         1           1       1 
    1         1           1       1 
    1         1           1       1 
    3 111111111 11111111111       1 
                                  1 
    1         1           1       1 
    1         1           1       1 
    1         1           1       1 
    1         1           1       1 
    1         1           1       1 
    1         1           1       1 
    1 111111111 11111111111 1111116 
                                    
    1         1           1       1 
    1         1           1       1 
    1         1           1       1 
    1         1           1       1 
    1         1           1       1 
    1         1           1       1 
    1         2 11111111111       1 
    1                             1 
    1                     1       1 
    1                     1       1 
    1                     1       1 
    1                     1       1 
1 111 1111111111114 1111111 1111111 
                                    
1                 1       1       1 
1                 1       1       1 
1                 1       1       1 
1                 1       1       1 
1                 1       1 1111111 
1                 1                 
1                 1       1       1 
1                 1       1       1 
1                 1       1       1 
1                 1       1       1 
1                 1       1       1 
1                 1       1       1 
1 11111111  1111111 1111111 1111111 
                                    
                                    
                                    
                                    
                                    
                                    
                                    
                                    
                                    
                                    
                                    
*