Textures/snow1.bmp
0 0
9 185
0
3070002           
1 1   1           
1 1 A 1           
1 1   1           
4760709           
 1  1 1           
 1  1 1           
360060:00000070002
1     1      1   1
4000006707070:0705
       1 1 1 1 1  
       1 1 1 1 1  
 A     1 1 1 1 1  
     30:06060609  
     1 1       1  
     1 1    B  1  
     1 1 C     1  
     1 1       1  
     40:07070009  
       1 1 1   1  
     D 1 1 1   1  
   300067606000602
   1    1        1
   800006007070705
   1       1 1 1  
 3060000070606062 
 1       1      1 
 1       1   B  1 
 47000700:0000005 
  1   1  1        
  1   1  1        
  1A  1  1 B      
  1   1  1        
  800060767002    
  1     1 1  1    
  470707606705    
   1 1 1   1      
   1 1 1   1      
   1 1 1   1      
 3067606000602    
 1  1        1    
 1  1        1    
 1  1     B  1    
 1  1        1    
 4076707000705    
   1 1 1   1      
  3606060076000002
  1       1      1
  40700700:0700005
    1  1  1 1     
    1D 1  1 1     
    1  1  1 1     
    80760760:002  
    1 1  1  1  1  
    1 1C 1  1B 1  
    1 1  1  1  1  
    40670:076005  
       1 1 1      
       1 1 1      
       1 1 1 A    
       1 1 1      
    3076760600002 
    1 1 1       1 
    1 1 1       1 
    4760:07007009 
     1  1 1  1  1 
     1  1 1  1  1 
     1  1 1  1B 1 
   B 1  1 1  1  1 
     800:0:0060762
     1  1 1    1 1
     8076767000:05
     1 1 1 1   1  
  A  1 1 1 1   1  
     80:0:0600062 
     1 1 1      1 
     40:0:0000009 
       1 1      1 
       1 1B     1 
    D  1 1      1 
       1 1      1 
     3060600700062
     1      1    1
     1      1    1
     4070707670009
       1 1 1 1   1
     C 1 1 1 1   1
       1 1 1 1   1
       1 1 1 1   1
  3000060606760009
  1         1    1
  1       B 1    1
  1 A       1    1
  1         1    1
  4700000000:07009
   1        1 1  1
   1        1 1  1
   807000000:06009
   1 1      1    1
   80:070000600005
   1 1 1          
 30606060700000002
 1       1       1
 1  C    1   D   1
 1       1       1
 40000070600007075
       1      1 1 
       1  B   1 1 
       1      1 1 
       1      1 1 
 30070060000006062
 1  1            1
 40760000700000075
   1     1      1 
   1     1  A   1 
   1     1      1 
   1     1      1 
  3600007600000062
  1     1        1
  1     1    B   1
  1     1        1
  4000006707000709
         1 1   1 1
         1 1   1 1
        3606070:09
        1    1 1 1
        1  C 1 1 1
        1    1 1 1
    B   40000:0:09
             1 1 1
             1 1 1
          A  1 1 1
B            1 1 1
       30700060:09
       1 1     1 1
     B 1 1     1 1
       1 1     1 1
       47607070:09
 A      1  1 1 1 1
        1  1 1 1 1
307070706006060609
1 1 1 1          1
1 1 1 1 B   C  B 1
406060670070070705
       1  1  1 1  
       1  1  1 1  
  30700600607609  
  1 1       1  1  
  1 1     A 1  1  
  1 1       1  1  
  1 1 B     1  1  
  40:00707076705  
    1  1 1 1 1    
    1  1 1 1 1    
3000607606060602  
1     1        1  
1     1B       1  
1  C  1        1  
1     1     B  1  
4007006700007005  
   1   1    1     
   1   1    1     
  36700600076002  
  1 1      1   1  
  80:00000767075  
  1 1     1 1 1   
  1 1     1 1 1   
  1 1     1 1 1   
  1 1D    1 1 1   
 36767070060606002
 1 1 1 1         1
 1 1 1 1   B   A 1
 40:06760000000705
   1  1        1  
   1  1        1  
   1  1 C   B  1  
   1  1        1  
   80760000700062 
   1 1     1    1 
   406000;0600005 
         1        
         1    A   
         1        
         1        
    B    1        
*
3 111 1111111                       
                                    
1   1       1                       
1   1       1                       
1   1       1                       
1   1       1                       
1   1       1                       
1   1       1                       
1 1 1 211 111                       
                                    
  1     1   1                       
  1     1   1                       
  1     1   1                       
  1     1   1                       
1 5 11111 111 1111111111111 1111111 
                                    
1           1             1       1 
1           1             1       1 
1 11111111111 7 111 111 111 111 111 
                                    
              1   1   1   1   1     
              1   1   1   1   1     
              1   1   1   1   1     
              1   1   1   1   1     
              1   1   1   1   1     
              1   1   1   1   1     
          1 111 111 111 611 111     
                                    
          1   1               1     
          1   1               1     
          1   1               1     
          1   1               1     
          1   1               1     
          1   1               1     
          1   1               1     
          1   1               1     
          1 11< 111 111 1111111     
                                    
              1   1   1       1     
              1   1   1       1     
              1   1   1       1     
              1   1   1       1     
      1 1111111 3 1 111 1111111 111 
                                    
      1         1                 1 
      1         1                 1 
      1 211111111 11111 111 111 111 
                                    
      1               1   1   1     
      1               1   1   1     
  1 111 11111111111 111 111 111 6   
                                    
  1               1             1   
  1               1             1   
  1               1             1   
  1               1             1   
  1 1 1111111 11111 8111111111111   
                                    
    1       1     1                 
    1       1     1                 
    1       1     1                 
    1       1     1                 
    1       1     1                 
    1       1     1                 
    1       1     1                 
    1       1     1                 
    1 1111111 111 1 1 11311         
                                    
    1           1   1     1         
    1           1   1     1         
    1 1 111 111 1 111 1 @11         
                                    
      1   1   1       1             
      1   1   1       1             
      1   1   1       1             
      1   1   1       1             
      1   1   1       1             
      1   1   1       1             
  6 111 1 1 111 1111111 111         
                                    
  1     1                 1         
  1     1                 1         
  1     1                 1         
  1     1                 1         
  1     1                 1         
  1     1                 1         
  1     1                 1         
  1     1                 1         
  1 111 1 1 111 1111111 112         
                                    
      1   1   1       1             
      1   1   1       1             
    1 1 111 113 11111 1 11111111111 
                                    
    1               1             1 
    1               1             1 
    1 111 18111 11111 111 111111111 
                                    
        1     1     1   1           
        1     1     1   1           
        1     1     1   1           
        1     1     1   1           
        1     1     1   1           
        1     1     1   1           
        1 111 1 111 1 511 11111     
                                    
        1   1     1     1     1     
        1   1     1     1     1     
        1   1     1     1     1     
        1   1     1     1     1     
        1   1     1     1     1     
        1   1     1     1     1     
        1 111 1 111 111 1 11111     
                                    
              1   1   1             
              1   1   1             
              1   1   1             
              1   1   1             
              1   1   1             
              1   1   1             
              1   1   1             
              1   1   1             
        3 111 1 1 1 111 111111111   
                                    
        1   1   1               1   
        1   1   1               1   
        1   1   1               1   
        1   1   1               1   
        2 1 1 111 111 11111 11111   
                                    
          1     1   1     1     1   
          1     1   1     1     1   
          1     1   1     1     1   
          1     1   1     1     1   
          1     1   1     1     1   
          1     1   1     1     1   
          1     1   1     1     1   
          1     1   1     1     1   
          1 11611 111 11111 111 1 1 
                                    
          1     1   1         1   1 
          1     1   1         1   1 
          1 111 1 1 1 1 1111111 711 
                                    
          1   1   1   1       1     
          1   1   1   1       1     
          1   1   1   1       1     
          1   1   1   1       1     
          1 111 311 111 1111111 1   
                                    
          1   1   1             1   
          1   1   1             1   
          1 111 <11 1111111111111   
                                    
              1   1             1   
              1   1             1   
              1   1             1   
              1   1             1   
              1   1             1   
              1   1             1   
              1   1             1   
              1   1             1   
          1 111 111 11111 1161111 1 
                                    
          1             1         1 
          1             1         1 
          1             1         1 
          1             1         1 
          1 112 111 111 1 1 1111111 
                                    
              1   1   1   1       1 
              1   1   1   1       1 
              1   1   1   1       1 
              1   1   1   1       1 
              1   1   1   1       1 
              1   1   1   1       1 
              1   1   1   1       1 
              1   1   1   1       1 
    1 111111111 111 113 1 1 1111111 
                                    
    1                   1         1 
    1                   1         1 
    1                   1         1 
    1                   1         1 
    1                   1         1 
    1                   1         1 
    1                   1         1 
    1                   1         1 
    1 1 11111111111111111 111 11811 
                                    
      1                 1   1     1 
      1                 1   1     1 
      1                 1   1     1 
      1                 1   1     1 
      1 111 6111111111111 111 11111 
                                    
      1   1             1         1 
      1   1             1         1 
      1 111 111 11@111111 111111111 
                                    
      1   1   1                     
      1   1   1                     
  1 111 111 111 111 411111111111111 
                                    
  1               1               1 
  1               1               1 
  1               1               1 
  1               1               1 
  1               1               1 
  1               1               1 
  1 11111111111 111 111111211 111 1 
                                    
              1             1   1   
              1             1   1   
              1             1   1   
              1             1   1   
              1             1   1   
              1             1   1   
              1             1   1   
              1             1   1   
  1 11111 11111 1161111111111 111 1 
                                    
  1     1                         1 
  1     1                         1 
  1 111 1 111111111 1111711111111 1 
                                    
      1           1             1   
      1           1             1   
      1           1             1   
      1           1             1   
      1           1             1   
      1           1             1   
      1           1             1   
      1           1             1   
    1 1 111111111 1 1111111111111 3 
                                    
    1           1                 1 
    1           1                 1 
    1           1                 1 
    1           1                 1 
    1           1                 1 
    1           1                 1 
    1 <1111111111 1 111 1111111 111 
                                    
                  1   1       1   1 
                  1   1       1   1 
                  1   1       1   1 
                  1   1       1   1 
                1 1 111 114 111 111 
                                    
                1         1   1   1 
                1         1   1   1 
                1         1   1   1 
                1         1   1   1 
                1         1   1   1 
                1         1   1   1 
                1 111111111 111 211 
                                    
                          1   1   1 
                          1   1   1 
                          1   1   1 
                          1   1   1 
                          1   1   1 
                          1   1   1 
                          1   1   1 
                          1   1   1 
              1 111 1111111 111 611 
                                    
              1   1           1   1 
              1   1           1   1 
              1   1           1   1 
              1   1           1   1 
              1   1           1   1 
              1   1           1   1 
              7 1 1 111 111 111 111 
                                    
                1     1   1   1   1 
                1     1   1   1   1 
                1     1   1   1   1 
                1     1   1   1   1 
1 111 411 111 111 11111 111 111 111 
                                    
1   1   1   1                     1 
1   1   1   1                     1 
1   1   1   1                     1 
1   1   1   1                     1 
1 111 111 111 1 11111 11111 111 111 
                                    
              1     1     1   1     
              1     1     1   1     
              1     1     1   1     
              1     1     1   1     
    1 111 11111 11111 111 1 311     
                                    
    1   1               1     1     
    1   1               1     1     
    1   1               1     1     
    1   1               1     1     
    1   1               1     1     
    1   1               1     1     
    1   1               1     1     
    1   1               1     1     
    1 211 11111 111 111 1 1 111     
                                    
        1     1   1   1   1         
        1     1   1   1   1         
        1     1   1   1   1         
        1     1   1   1   1         
1 1111111 114 1 111 111 111 111     
                                    
1           1                 1     
1           1                 1     
1           1                 1     
1           1                 1     
1           1                 1     
1           1                 1     
1           1                 1     
1           1                 1     
1 11811 11111 1 111111111 11111     
                                    
      1       1         1           
      1       1         1           
      1       1         1           
      1       1         1           
    1 1 1 11111 1111111 1 11511     
                                    
    1   1             1       1     
    1   1             1       1     
    1 111 1111<111111 1 1 111 1     
                                    
    1   1           1   1   1       
    1   1           1   1   1       
    1   1           1   1   1       
    1   1           1   1   1       
    1   1           1   1   1       
    1   1           1   1   1       
    1   1           1   1   1       
    1   1           1   1   1       
  1 1 1 1 1 111 11111 111 111 11611 
                                    
  1   1   1   1                   1 
  1   1   1   1                   1 
  1   1   1   1                   1 
  1   1   1   1                   1 
  1 111 112 1 1 111111111111111 111 
                                    
      1     1                 1     
      1     1                 1     
      1     1                 1     
      1     1                 1     
      1     1                 1     
      1     1                 1     
      1     1                 1     
      1     1                 1     
      1 111 6 111111111 1111111 1   
                                    
      1   1           1         1   
      1   1           1         1   
      1 111 11111111111 111111111   
                                    
                                    
                                    
                                    
                                    
                                    
                                    
                                    
                                    
                                    
                                    
*