Textures/classic8.bmp
3 0
8 185
0
300000000000007002
1             1  1
1             1  1
1             1  1
40000000707070:005
        1 1 1 1   
        1 1 1 1   
   30000606760602 
   1       1    1 
   1       1    1 
   1       1    1 
   40070070:00005 
      1  1 1      
   307670676002   
   1 1 1  1   1   
   1 1 1  1   1   
   8060670:0709   
   1    1 1 1 1   
   1    1 1 1 1   
   1    1 1 1 1   
   1    1 1 1 1   
30060000:06060602 
1       1       1 
1       1       1 
47000700670000009 
 1   1   1      1 
 1   1   1      1 
 80006000:00000062
 1       1       1
 1       1       1
 1       1       1
 40000000600070709
             1 1 1
             1 1 1
             80:09
             1 1 1
             1 1 1
             1 1 1
             80:09
             1 1 1
             1 1 1
             1 1 1
             1 1 1
300000000707060609
1        1 1     1
1        1 1     1
1        1 1     1
40007000060:007009
    1      1  1  1
    1      1  1  1
    1      1  1  1
    1      1  1  1
  3060070076006709
  1    1  1    1 1
  1    1  1    1 1
  1    1  1    1 1
  4000760767007605
      1  1 1  1   
      1  1 1  1   
 30707600606009   
 1 1 1        1   
 1 1 1        1   
 80606707000709   
 1    1 1   1 1   
 1    1 1   1 1   
 1    1 1   1 1   
 807006060006762  
 1 1         1 1  
 1 1         1 1  
 1 1         1 1  
 80:000070700675  
 1 1    1 1   1   
 1 1    1 1   1   
 1 1    1 1   1   
 806000060:0006002
 1        1      1
 40000070767000009
       1 1 1     1
       1 1 1     1
       1 1 1     1
       1 1 1     1
     30:0606000009
     1 1         1
     1 1         1
     8067070700005
     1  1 1 1     
     1  1 1 1     
     1  1 1 1     
     1  1 1 1     
  3076706060600002
  1 1 1          1
  1 1 1          1
  1 1 1          1
  1 1 1          1
  4760:00000707005
   1  1     1 1   
   1  1     1 1   
   1  1     1 1   
   1  1     1 1   
 30600600700606002
 1       1       1
 1       1       1
 47070070670000005
  1 1  1  1       
  1 1  1  1       
 360:0760060002   
 1  1 1       1   
 1  1 1       1   
 1  1 1       1   
 470:0:07000075   
  1 1 1 1    1    
  1 1 1 1    1    
306060:0600009    
1     1      1    
1     1      1    
80070760000075    
1  1 1      1     
1  1 1      1     
80060:000000602   
1    1        1   
1    1        1   
470076700000009   
 1  1 1       1   
3600:060070000:02 
1   1    1    1 1 
1   1    1    1 1 
1   1    1    1 1 
1   1    1    1 1 
40076700060007675 
   1 1       1 1  
   1 1       1 1  
   1 1       1 1  
 30676707000060602
 1  1 1 1        1
 1  1 1 1        1
 1  1 1 1        1
 4006060:070007005
        1 1   1   
      3060:00062  
      1   1    1  
      1   1    1  
      4007670705  
         1 1 1    
    30000606760002
    1       1    1
    1       1    1
    1       1    1
    40070070:00005
       1  1 1     
       1  1 1     
       1  1 1     
       1  1 1     
       80767670002
       1 1 1 1   1
       1 1 1 1   1
       1 1 1 1   1
       40:06767005
         1  1 1   
         1  1 1   
     307060060602 
     1 1        1 
     476707000005 
      1 1 1       
      1 1 1       
    30:060600002  
    1 1        1  
    1 1        1  
    80:000000075  
    1 1       1   
    1 1       1   
30006067000707602 
1      1   1 1  1 
1      1   1 1  1 
1      1   1 1  1 
40707076700606009 
  1 1 1 1       1 
  1 1 1 1       1 
 3676760600700009 
 1 1 1     1    1 
 4060600;00600005 
        1         
        1         
        1         
        1         
        1         
*
1 111111111111111111111111111 11111 
                                    
1                           1     1 
1                           1     1 
1                           1     1 
1                           1     1 
1                           1     1 
1                           1     1 
1 111111112111111 111 111 111 11111 
                                    
                1   1   1   1       
                1   1   1   1       
                1   1   1   1       
                1   1   1   1       
      1 111111111 111 1 1 111 111   
                                    
      1               1         1   
      1               1         1   
      1               1         1   
      1               1         1   
      1               1         1   
      1               1         1   
      1 11111 81111 111 111111111   
                                    
            1     1   1             
            1     1   1             
      1 111 1 1 111 1 1 11111       
                                    
      1   1   1     1       1       
      1   1   1     1       1       
      1   1   1     1       1       
      1   1   1     1       1       
      1 111 111 1 111 111 111       
                                    
      1         1   1   1   1       
      1         1   1   1   1       
      1         1   1   1   1       
      1         1   1   1   1       
      1         1   1   1   1       
      1         1   1   1   1       
      1         1   1   1   1       
      1         1   1   1   1       
1 11111 111111111 111 111 411 111   
                                    
1               1               1   
1               1               1   
1               1               1   
1               1               1   
1 1 1111111 11111 1 1111112111111   
                                    
  1       1       1             1   
  1       1       1             1   
  1       1       1             1   
  1       1       1             1   
  1 1111111 1111111 1111111111111 1 
                                    
  1               1               1 
  1               1               1 
  1               1               1 
  1               1               1 
  1               1               1 
  1               1               1 
  1 111111118111111 1111111 111 111 
                                    
                          1   1   1 
                          1   1   1 
                          1   1   1 
                          1   1   1 
                          1 111 511 
                                    
                          1   1   1 
                          1   1   1 
                          1   1   1 
                          1   1   1 
                          1   1   1 
                          1   1   1 
                          1 111 111 
                                    
                          1   1   1 
                          1   1   1 
                          1   1   1 
                          1   1   1 
                          1   1   1 
                          1   1   1 
                          1   1   1 
                          1   1   1 
1 11111111111111114 111 111 111 111 
                                    
1                 1   1           1 
1                 1   1           1 
1                 1   1           1 
1                 1   1           1 
1                 1   1           1 
1                 1   1           1 
1 1111111 111111111 111 11211 11111 
                                    
        1             1     1     1 
        1             1     1     1 
        1             1     1     1 
        1             1     1     1 
        1             1     1     1 
        1             1     1     1 
        1             1     1     1 
        1             1     1     1 
    1 111 51111 11111 1 11111 1 111 
                                    
    1         1     1         1   1 
    1         1     1         1   1 
    1         1     1         1   1 
    1         1     1         1   1 
    1         1     1         1   1 
    1         1     1         1   1 
    1 1111111 1 111 1 1 81111 1 111 
                                    
            1     1   1     1       
            1     1   1     1       
            1     1   1     1       
            1     1   1     1       
  1 111 111 1 11111 111 11111       
                                    
  1   1   1                 1       
  1   1   1                 1       
  1   1   1                 1       
  1   1   1                 1       
  1 111 111 1 111 1111111 111       
                                    
  1         1   1       1   1       
  1         1   1       1   1       
  1         1   1       1   1       
  1         1   1       1   1       
  1         1   1       1   1       
  1         1   1       1   1       
  1 111 11111 111 1111111 1 1 1     
                                    
  1   1                   1   1     
  1   1                   1   1     
  1   1                   1   1     
  1   1                   1   1     
  1   1                   1   1     
  1   1                   1   1     
  1 111 111111111 211 11111 1 1     
                                    
  1   1         1   1       1       
  1   1         1   1       1       
  1   1         1   1       1       
  1   1         1   1       1       
  1   1         1   1       1       
  1   1         1   1       1       
  1 111 111111111 111 1111114 11111 
                                    
  1                 1             1 
  1                 1             1 
  1 11118111111 111 1 1 11111111111 
                                    
              1   1   1           1 
              1   1   1           1 
              1   1   1           1 
              1   1   1           1 
              1   1   1           1 
              1   1   1           1 
              1   1   1           1 
              1   1   1           1 
          1 111 111 111 11111111111 
                                    
          1   1                   1 
          1   1                   1 
          1   1                   1 
          1   1                   1 
          1 11; 1 111 111 111111111 
                                    
          1     1   1   1           
          1     1   1   1           
          1     1   1   1           
          1     1   1   1           
          1     1   1   1           
          1     1   1   1           
          1     1   1   1           
          1     1   1   1           
    1 511 1 1 111 111 111 111111111 
                                    
    1   1   1                     1 
    1   1   1                     1 
    1   1   1                     1 
    1   1   1                     1 
    1   1   1                     1 
    1   1   1                     1 
    1   1   1                     1 
    1   1   1                     1 
    1 1 1 111 11211111111 111 11111 
                                    
      1     1           1   1       
      1     1           1   1       
      1     1           1   1       
      1     1           1   1       
      1     1           1   1       
      1     1           1   1       
      1     1           1   1       
      1     1           1   1       
  1 113 11111 11111 11111 111 11111 
                                    
  1               1               1 
  1               1               1 
  1               1               1 
  1               1               1 
  1 1 111 11111 111 1 1111111171111 
                                    
    1   1     1     1               
    1   1     1     1               
    1   1     1     1               
    1   1     1     1               
  1 1 111 111 1 11311 1111111       
                                    
  1     1   1               1       
  1     1   1               1       
  1     1   1               1       
  1     1   1               1       
  1     1   1               1       
  1     1   1               1       
  1 1 111 111 111 11=111111 1       
                                    
    1   1   1   1         1         
    1   1   1   1         1         
    1   1   1   1         1         
    1   1   1   1         1         
1 111 115 111 111 111111111         
                                    
1           1             1         
1           1             1         
1           1             1         
1           1             1         
1 11211 111 1 11111111111 1         
                                    
1     1   1             1           
1     1   1             1           
1     1   1             1           
1     1   1             1           
1 11111 111 1111111141111 111       
                                    
1         1                 1       
1         1                 1       
1         1                 1       
1         1                 1       
1 1 11111 1 1 111111111111111       
                                    
  1     1   1               1       
  1     1   1               1       
1 1 11111 111 11111 111141111 111   
                                    
1       1         1         1   1   
1       1         1         1   1   
1       1         1         1   1   
1       1         1         1   1   
1       1         1         1   1   
1       1         1         1   1   
1       1         1         1   1   
1       1         1         1   1   
1 11111 1 1 1111111 1111111 1 1 1   
                                    
      1   1               1   1     
      1   1               1   1     
      1   1               1   1     
      1   1               1   1     
      1   1               1   1     
      1   1               1   1     
  1 111 1 1 1 111 111131111 111 111 
                                    
  1     1   1   1                 1 
  1     1   1   1                 1 
  1     1   1   1                 1 
  1     1   1   1                 1 
  1     1   1   1                 1 
  1     1   1   1                 1 
  1 11111 111 111 111 2111111 11111 
                                    
                1   1       1       
                1   1       1       
            1 111 111 1151111 1     
                                    
            1       1         1     
            1       1         1     
            1       1         1     
            1       1         1     
            1 11111 1 1 111 711     
                                    
                  1   1   1         
                  1   1   1         
        1 111111111 111 1 1 1111111 
                                    
        1               1         1 
        1               1         1 
        1               1         1 
        1               1         1 
        1               1         1 
        1               1         1 
        1 11111 11111 111 111111=11 
                                    
              1     1   1           
              1     1   1           
              1     1   1           
              1     1   1           
              1     1   1           
              1     1   1           
              1     1   1           
              1     1   1           
              1 111 1 1 1 1 1111111 
                                    
              1   1   1   1       1 
              1   1   1   1       1 
              1   1   1   1       1 
              1   1   1   1       1 
              1   1   1   1       1 
              1   1   1   1       1 
              1 111 211 1 1 1 11111 
                                    
                  1     1   1       
                  1     1   1       
                  1     1   1       
                  1     1   1       
          1 111 111 11111 111 311   
                                    
          1   1                 1   
          1   1                 1   
          1 1 1 1 111 11111111111   
                                    
            1   1   1               
            1   1   1               
            1   1   1               
            1   1   1               
        1 111 111 111 111111311     
                                    
        1   1                 1     
        1   1                 1     
        1   1                 1     
        1   1                 1     
        1 111 111111111111111 1     
                                    
        1   1               1       
        1   1               1       
        1   1               1       
        1   1               1       
1 111111; 111 1 1111111 111 1 111   
                                    
1             1       1   1     1   
1             1       1   1     1   
1             1       1   1     1   
1             1       1   1     1   
1             1       1   1     1   
1             1       1   1     1   
1 111 111 111 1 1 11111 111 11111   
                                    
    1   1   1   1               1   
    1   1   1   1               1   
    1   1   1   1               1   
    1   1   1   1               1   
  1 1 1 1 1 1 111 11111 115111111   
                                    
  1   1   1           1         1   
  1   1   1           1         1   
  1 111 111 11111111111 111171111   
                                    
                                    
                                    
                                    
                                    
                                    
                                    
                                    
                                    
                                    
                                    
*