Textures/snow2.bmp
11 0
8 165
0
  300000000702    
  1        1 1    
  1        1 1    
  1        1 8002 
  807000000:05  1 
  1 1      1    1 
  1 1      1    1 
  1 47000075    1 
  1  1    1     1 
  1  1    1     1 
  400:00706007005 
     1  1    1    
     1  1    1    
     1  1    1    
30000600:07006002 
1       1 1     1 
1       1 1     1 
800002  1 1     1 
1    1  1 1     1 
1    1  1 8000709 
80000600:05   1 1 
1       1     1 1 
1       1     1 1 
470070005     805 
 1  1         1   
 1  1         1   
 1  1         1   
 1  40070000709   
 1     1    1 1   
 1     1    1 1   
 1     1    1 1   
 400700:0000609   
    1  1      1   
    1  1      1   
    1  40700006002
    1    1       1
    1    1       1
    80000:00007075
    1    1    1 1 
    1    1    1 1 
    1    800005 1 
    1    1      1 
    40700600002 1 
      1       1 1 
      1       809 
      400070005 1 
          1     1 
          1     1 
30000700006070075 
1    1      1  1  
1    1      1  1  
1    1      1  1  
80000:0007005  1  
1    1   1     1  
1    1   8000009  
1    1   1     1  
800006000:007005  
1        1  1     
1        1  1     
400070070600600002
    1  1         1
    1  1         1
    1  1         1
    1  1         1
3070:0060000070709
1 1 1        1 1 1
1 1 4000070005 1 1
1 1      1     1 1
1 1      1     1 1
1 4000000:000005 1
1        1       1
1        1       1
407000000:00000705
  1      1     1  
  1      1     1  
306707000600707602
1  1 1      1 1  1
1  1 1      1 1  1
4075 47000075 4705
  1   1    1   1  
  40705    40705  
    1        1    
    1        1    
 3006007700706002 
 1     11  1    1 
 1     11  1    1 
 80000051  800009 
 1      1  1    1 
 80000006009    1 
 1         1    1 
 4070000700607009 
   1    1    1  1 
   1    1    1  1 
   40070600705  1 
      1    1    1 
      1    800005 
3007009    1      
1  1  1    800002 
1  1  400009    1 
1  1       1    1 
1  1       1    1 
1  1       1    1 
800:0000700607005 
1  1    1    1    
1  1    1    1    
400:0000:00009    
   1    1    1    
   1    1    1    
   800006000060002
   1             1
   1             1
300600700007000005
1     1    1      
1     1    1      
400700:00706002   
   1  1  1    1   
   1  1  1    1   
   1  1  1 3009   
   1  1  1 1  1   
   1  1  1 1  1   
   400:009 8005   
      1  1 1      
      1  1 1      
300000600:06000002
1        1       1
1        1       1
400007000600700075
     1      1   1 
     1      1   1 
     1      1   1 
  30060070005   1 
  1     800000005 
  1     1         
  400700:000000002
     1  1        1
     1  1        1
     1  8000070005
     1  1    1    
     8006007060002
     1     1     1
     1     1     1
     1     1     1
     4007006007005
        1     1   
    30009     802 
    1   1     1 1 
    1   4000005 1 
    1           1 
    8007000007005 
    1  1     1    
    1  1     1    
    1  1     1    
    8006007006002 
    1     1     1 
    1     1     1 
300060000060000062
1                1
1                1
407000700070007005
  1   1   1   1   
  1   1   1   1   
  400060;060005   
        1         
        1         
        1         
        1         
*
    1 11111111111111111 111         
                                    
    1                 1   1         
    1                 1   1         
    1                 1   1         
    1                 1   1         
    1                 1   1 11111   
    1                 1             
    1 111 1111111111111 111     1   
                                1   
    1   1             1         1   
    1   1             1         1   
    1   1             1         1   
    1   1             1         1   
    1   1 1 111111111 1         1   
    1                           1   
    1     1         1           1   
    1     1         1           1   
    1     1         1           1   
    1     1         1           1   
    1 11111 11111 11; 11111 11111   
                                    
          1     1         1         
          1     1         1         
          1     1         1         
          1     1         1         
          1     1         1         
          1     1         1         
1 111111114 11111 111 11111 11111   
                                    
1               1   1           1   
1               1   1           1   
1               1   1           1   
1               1   1           1   
1 111111111     1   1           1   
                1   1           1   
1         1     1   1           1   
1         1     1   1           1   
1         1     1   1 1111111 111   
1         1     1                   
1 111111111 11111 111       1   1   
                            1   1   
1               1           1   1   
1               1           1   1   
1               1           1   1   
1               1           1   1   
1 1 11112 1111111           5 111   
                                    
  1     1                   1       
  1     1                   1       
  1     1                   1       
  1     1                   1       
  1     1                   1       
  1     1                   1       
  1     1 11111 111111111 111       
  1                                 
  1           1         1   1       
  1           1         1   1       
  1           1         1   1       
  1           1         1   1       
  1           1         1   1       
  1           1         1   1       
  3 11111 11111 111111111 111       
                                    
        1     1             1       
        1     1             1       
        1     1             1       
        1     1             1       
        1     1 111 111111111 11111 
        1                           
        1         1               1 
        1         1               1 
        1         1               1 
        1         1               1 
        1 111111111 111111111 112 1 
                                    
        1         1         1   1   
        1         1         1   1   
        1         1         1   1   
        1         1         1   1   
        1         1 111111111   1   
        1                       1   
        1         1             1   
        1         1             1   
        1 111 1111> 111111111   1   
                                1   
            1               1   1   
            1               1   1   
            1               1 111   
            1                       
            1 1111111 1111111   1   
                                1   
                    1           1   
                    1           1   
                    1           1   
                    1           1   
1 111111111 111111116 111 11111 1   
                                    
1         1             1     1     
1         1             1     1     
1         1             1     1     
1         1             1     1     
1         1             1     1     
1         1             1     1     
1 111111111 1111111 11111     1     
                              1     
1         1       1           1     
1         1       1           1     
1         1       1 11111111111     
1         1                         
1         1       1           1     
1         1       1           1     
1 111111111 1111111 11111 11111     
                                    
1                 1     1           
1                 1     1           
1                 1     1           
1                 1     1           
1 1111111 11111 111 11111 111111111 
                                    
        1     1                   1 
        1     1                   1 
        1     1                   1 
        1     1                   1 
        1     1                   1 
        1     1                   1 
        1     1                   1 
        1     1                   1 
1 111 11; 11111 11111111111 111 111 
                                    
1   1   1                 1   1   1 
1   1   1                 1   1   1 
1   1   1 111111111 1111111   1   1 
1   1                         1   1 
1   1             1           1   1 
1   1             1           1   1 
1   1             1           1   1 
1   1             1           1   1 
1   4 1111111111111 11111111116   1 
1                                 1 
1                 1               1 
1                 1               1 
1                 1               1 
1                 1               1 
3 111 1111111111111 11111111111 115 
                                    
    1             1           1     
    1             1           1     
    1             1           1     
    1             1           1     
1 111 1 111 1111111 11111 111 1 111 
                                    
1     1   1             1   1     1 
1     1   1             1   1     1 
1     1   1             1   1     1 
1     1   1             1   1     1 
1 111 1   1 1 111111111 1   1 1 111 
                                    
    1       1         1       1     
    1       1         1       1     
    1 117 111         1 118 111     
                                    
        1                 1         
        1                 1         
        1                 1         
        1                 1         
  1 11111 11111 1 11111 111 11111   
                                    
  1           1 1     1         1   
  1           1 1     1         1   
  1           1 1     1         1   
  1           1 1     1         1   
  1 11111111111 1     1 111111111   
                1                   
  1             1     1         1   
  1             1     1         1   
  4 1111111111111 11111         1   
                                1   
  1                   1         1   
  1                   1         1   
  1 111 111111111 11111 111 11111   
                                    
      1         1         1     1   
      1         1         1     1   
      1         1         1     1   
      1         1         1     1   
      1 11111 112 11111 111     1   
                                1   
            1         1         1   
            1         1         1   
            1         1 111111111   
            1                       
1 11111 11111         1             
                      1             
1     1     1         1 111111111   
1     1     1                       
1     1     1 111111111         1   
1     1                         1   
1     1               1         1   
1     1               1         1   
1     1               1         1   
1     1               1         1   
1     1               1         1   
1     1               1         1   
4 11111 111111111 11111 111 11111   
                                    
1     1         1         1         
1     1         1         1         
1     1         1         1         
1     1         1         1         
1 11111 11111111> 111111111         
                                    
      1         1         1         
      1         1         1         
      1         1         1         
      1         1         1         
      1 111111111 111111111 1111111 
                                    
      1                           1 
      1                           1 
      1                           1 
      1                           1 
1 11111 11111 111111111 11111111113 
                                    
1           1         1             
1           1         1             
1           1         1             
1           1         1             
1 11111 11111 11111 118 11111       
                                    
      1     1     1         1       
      1     1     1         1       
      1     1     1         1       
      1     1     1         1       
      1     1     1   1 11111       
      1     1     1                 
      1     1     1   1     1       
      1     1     1   1     1       
      1     1     1   1     1       
      1     1     1   1     1       
      1 11111 11111   1 11111       
                                    
            1     1   1             
            1     1   1             
            1     1   1             
            1     1   1             
1 11111111112 11111 111 11111111111 
                                    
1                 1               1 
1                 1               1 
1                 1               1 
1                 1               1 
1 111111111 1111111 11111 1111111 1 
                                    
          1             1       1   
          1             1       1   
          1             1       1   
          1             1       1   
          1             1       1   
          1             1       1   
    1 11114 11111 1111111       1   
                                1   
    1           1 111111111111111   
    1                               
    1           1                   
    1           1                   
    1 11111 11111 11111111111111111 
                                    
          1     1                 1 
          1     1                 1 
          1     1                 1 
          1     1                 1 
          1     1 111111111 1111111 
          1                         
          1     1         1         
          1     1         1         
          1 11115 11111 11; 1111111 
                                    
          1           1           1 
          1           1           1 
          1           1           1 
          1           1           1 
          1           1           1 
          1           1           1 
          1 11111 11111 11111 11111 
                                    
                1           1       
                1           1       
        1 1111111           1 111   
                                    
        1       1           1   1   
        1       1           1   1   
        1       1 11111111111   1   
        1                       1   
        1                       1   
        1                       1   
        1 11113 11111111111 11111   
                                    
        1     1           1         
        1     1           1         
        1     1           1         
        1     1           1         
        1     1           1         
        1     1           1         
        1 11113 11111 11117 11111   
                                    
        1           1           1   
        1           1           1   
        1           1           1   
        1           1           1   
1 1111111 11111111111 11111111111 1 
                                    
1                                 1 
1                                 1 
1                                 1 
1                                 1 
1 111 1111111 1111111 1111111 11111 
                                    
    1       1       1       1       
    1       1       1       1       
    1       1       1       1       
    1       1       1       1       
    1 1111111 11  111 1111111       
                                    
                                    
                                    
                                    
                                    
                                    
                                    
                                    
                                    
*