Textures/classic6.bmp
9 3
8 196
0
300000000000000002
1                1
1                1
400070000007000005
    1      1      
    1      1      
300060000006000002
1                1
1                1
8002   30000700005
1  1   1    1     
1  1   1    1     
800:0005  306002  
1  1      1    1  
1  40007009    1  
1      1  800005  
1      1  1       
40700009  1       
  1    4705       
  1     1         
  4002  1         
     1  1         
     1  1         
     400:000000002
        1        1
        1        1
30000000:000000009
1       1        1
1       8002     1
1       1  1     1
400700009  4007005
   1    1     1   
   1    1     1   
   402  1     1   
     1  8000705   
     1  1   1     
     1  1   1     
  3006075   1     
  1    1    8002  
  1    1    1  1  
  1    1    1  1  
  1    400705  1  
  1       1    1  
  1       1    1  
  1       1    1  
  40070070607005  
     1  1   1     
     1  1   1     
     4705   8002  
      1     1  1  
      1  3005  1  
  30009  1     1  
  1   4075 30005  
  1     1  1      
  1     1  1      
  407000:005      
    1   1         
    1   1         
    1   1         
    8000:00007002 
    1   1    1  1 
    1   1    1  1 
 3005   4002 1  1 
 1         1 1  1 
 1         409  1 
 1           1  1 
 8000007000009  1 
 1     1     8005 
 1     1     1    
 1     1     1    
 1     1     1    
 400000:000005    
       1          
       1          
3000000:000700702 
1      1   1  1 1 
1      1   1  1 1 
1  3000:0005  1 1 
1  1   1      1 1 
1  1   1      1 1 
8005   8000000:05 
1      1      1   
80000009   3009   
1      1   1  1   
1      1   1  1   
1   300:0005  1   
1   1  1      1   
1   1  80007009   
80005  1   1  1   
1      80005  1   
1      1      1   
800000060000006002
1                1
8000000002       1
1        400000009
800000002        1
1       1        1
800007006000070009
1    1       1   1
1  30:0002   1 309
1  1 1   1   1 1 1
1  1 1   1   1 1 1
8005 1   4000:05 1
1    1       1   1
80000:000070067009
1    1    1   1  1
1    1    1   1  1
1 3006002 1   4009
1 1     1 8002   1
1 1     1 1  1   1
1 1     1 1  1   1
8060070760:0760009
1    1 1  1 1    1
1    1 1  1 1    1
1    1 1  1 1    1
1    1 1  1 1    1
800005 1  1 400009
1      1  1      1
800002 1  1 300009
1    1 1  1 1    1
1    1 1  1 1    1
1    1 1  1 1    1
1    1 1  1 1    1
40000:0:00:0:00075
     1 1  1 1   1 
     1 1  1 1   1 
  3005 1  1 1   1 
  1    1  1 1   1 
  1    1  1 1   1 
  800009  805   1 
  1    1  1     1 
  1    1  8000009 
  1    1  1     1 
  800009  8000009 
  1    1  1     1 
  470075  4070075 
   1  1     1  1  
   1  1  3005  1  
   1  1  1     1  
   1  4005     1  
   1           1  
   8000007000009  
   1     1     1  
   8002  1  3009  
   1  1  1  1  1  
   1  400:005  1  
   1     1     1  
   4070006000705  
     1       1    
     1       1    
  300600000006002 
  1             1 
  1             1 
30600070000007005 
1     1      1    
1     80002  1    
1     1   1  1    
402   1   1  1    
  1   1   4009    
  1   1      1    
306000600000060002
1                1
1                1
400700000007070005
   1       1 1    
   1       1 1    
   4002 3005 4002 
      1 1       1 
30700060600000709 
1 1           1 1 
1 1           1 1 
1 402       305 1 
1   1       1   1 
4000:0070700:0005 
    1  1 1  1     
    1  1 1  1     
 3005  1 1  4002  
 1     1 1     1  
 1     1 1     1  
 1     1 1     1  
 400070606070005  
     1     1      
     1     4002   
     1        1   
     1        1   
     1        1   
 3000:00000000602 
 1   1          1 
 1   40000002   1 
 1          1   1 
 4000000;00060005 
        1         
        1         
        1         
        1         
        1         
        1         
*
1 111111111111111112111111111111111 
                                    
1                                 1 
1                                 1 
1                                 1 
1                                 1 
1 1111111 1111111111111 11111111111 
                                    
        1             1             
        1             1             
        1             1             
        1             1             
1 1111111 1111111111111 11111111111 
                                    
1                                 1 
1                                 3 
1                                 1 
1                                 B 
4 11111       1 111111111 111111111 
                                    
1     1       1         1           
1     1       1         1           
1     1       1         1           
1     1       1         1           
1 11111 1111111     1 111 11111     
                                    
1     1             1         1     
1     1             1         1     
1     1 1111111 11113         1     
1                             1     
1             1     1 111111111     
1             1                     
1             1     1               
1             1     1               
1 11= 111111111     1               
                    1               
    1         1 1 111               
    1                               
    1           1                   
    1           1                   
    1 11111     1                   
                1                   
          1     1                   
          1     1                   
          1     1                   
          1     1                   
          1 11111 11111111111111111 
                                    
                1                 1 
                1                 1 
                1                 1 
                1                 1 
1 111111111111111 11111111111111113 
                                    
1               1                 1 
1               1                 1 
2               1 11111           1 
1                                 1 
1               1     1           1 
1               1     1           1 
1 11111 111111117     1 11111 11111 
                                    
      1         1           1       
      1         1           1       
      1         1           1       
      1         1           1       
      1 111     1           1       
                1           1       
          1     1 1111111 111       
          1                         
          1     1       1           
          1     1       1           
          1     1       1           
          1     1       1           
    1 11111 111 1       1           
                        1           
    1         1         1 11111     
    1         1                     
    1         1         1     1     
    1         1         1     1     
    1         1         1     1     
    1         1         1     1     
    1         1 11116 111     1     
    =                         1     
    1               1         1     
    1               1         1     
    1               1         1     
    1               1         1     
    1               1         1     
    1               1         1     
    1 11111 11111 111 111 11111     
                                    
          1     1       1           
          1     1       1           
          1     1       1           
          1     1       1           
          1 1 111       1 11111     
                                    
            1           1     1     
            1           1     1     
            1     1 11111     1     
            1                 1     
    2 1111111     1           1     
                  1           1     
    1       1 111 1   B 1111111     
    1                               
    1           1     1             
    1           1     1             
    1           1     1             
    1           1     1             
    1 111 1111111 11111             
                                    
        1       1                   
        1       1                   
        1       1                   
        1       1                   
        1       1                   
        1       1                   
        1 1111111 111111111 11111   
                                    
        1       1         1     1   
        1       1         1     1   
        1       1         1     1   
        1       1         1     1   
  1 11111       1 11111   1     1   
                          1     1   
  1                   1   1     1   
  1                   1   1     8   
  1                   1 111     1   
  1                             1   
  1                       1     1   
  1                       1     1   
  1 1111111111= 11111111111     1   
                                1   
  1           1           1 11111   
  1           1                     
  1           1           1         
  1           1           1         
  1           1           1         
  1           1           1         
  1           1           1         
  1           1           1         
  1 11111111111 11111111111         
                                    
              1                     
              1                     
              1                     
              1                     
1 1111111111111 1111111 11111 111   
                                    
1             1       1     1   1   
1             1       1     1   1   
1             1       1     1   1   
1             1       1     1   1   
1     1 1111111 1111112     1   1   
1                           1   1   
1     1       1             1   1   
1     1       1             1   1   
1     1       1             1   1   
1     1       1             1   1   
1 11111       1 1111111111111 111   
                                    
1             1             1       
1             1             1       
1 1111111111118       1 11111       
                                    
1             1       1     1       
1             1       1     1       
1             1       1     1       
1             1       1     1       
1       4 11111 1111115     1       
1                           1       
1       1     1             1       
1       1     1             1       
1       1     1 1111111 11111       
1       1                           
1 1111111     1       1     1       
              1       1     1       
1             1 1111111     1       
1                           1       
1             1             1       
1             1             1       
1 1111111111111 1111111111111 11111 
                                    
1                                 1 
1                                 1 
1 11111113111111111               1 
                                  1 
1                 B 111111411111111 
1                                   
1 111111111111111                 1 
                                  1 
1               1                 1 
1               1                 1 
1 11111111= 11111 111111112 1111111 
                                    
1         1               1       1 
1         1               1       1 
1     1 111 1111111       1   1 111 
1                         1         
1     1   1       1       1   1   1 
1     1   1       1       1   1   1 
1     1   1       1       1   1   1 
1     1   1       1       1   1   1 
1 11111   1       1 1111111 111   1 
          1                       1 
1         1               1       1 
1         1               1       1 
1 111111111 111111111 11111 1 11111 
                                    
1         1         1       1     1 
1         1         1       1     1 
1         1         1       1     1 
1         1         1       1     1 
1   1 11111 11111   1       1 11111 
1                   1               
1   1           1   1 11111       1 
1   1           1                 1 
1   1           1   1     1       1 
1   1           1   1     1       1 
1   1           1   1     1       1 
1   1           1   1     1       1 
1 111 11114 111 1 111 113 1 1111111 
                                    
1         1   1     1   1         1 
1         1   1     1   1         1 
1         1   1     1   1         1 
1         1   1     1   1         1 
1         1   1     1   1         1 
1         1   1     1   1         1 
1         1   1     1   1         1 
1         1   1     1   1         1 
1 111111111   1     1   1 111111111 
              1     1               
1             1     1             1 
1             1     1             1 
1 11111111=   1     1   B 111111111 
              1     1               
1         1   1     1   1         1 
1         1   1     1   1         1 
1         1   1     1   1         1 
1         1   1     1   1         1 
1         1   1     1   1         1 
1         1   1     1   1         1 
1         1   1     1   1         1 
1         1   1     1   1         1 
1 111111111 111 11111 111 1111111 1 
                                    
          1   1     1   1       1   
          1   1     1   1       1   
          1   1     1   1       1   
          1   1     1   1       1   
    1 11111   1     1   1       1   
              1     1   1       1   
    1         1     1   1       1   
    1         1     1   1       1   
    1         1     1   1       1   
    1         1     1   1       1   
    1 111111111     1 111       1   
                                1   
    1         1     1           1   
    1         1     1           1   
    1         1     B 11111111114   
    1         1                     
    1         1     1           1   
    1         1     1           1   
    1 111111111     1 11111111111   
                                    
    1         1     1           1   
    1         1     1           1   
    1 1 11112 1     1 115 11111 1   
                                    
      1     1           1     1     
      1     1           1     1     
      1     1     1 11111     1     
      1     1                 1     
      1     1     1           1     
      1     1     1           1     
      1     1 11117           1     
      1                       1     
      1                       1     
      1                       1     
      1 1111111111= 11111111111     
                                    
      1           1           1     
      1           1           1     
      1 11116     1     3 11111     
                  1                 
      1     1     1     1     1     
      1     1     1     1     1     
      1     1 11111 11111     1     
      1                       1     
      1           1           1     
      1           1           1     
      1 111 1111111 1111111 111     
                                    
          1               1         
          1               1         
          1               1         
          1               1         
    1 11111 111111121111111 11111   
                                    
    1                           1   
    1                           1   
    1                           1   
    1                           1   
1 114 1111111 1111111111111 11111   
                                    
1           1             1         
1           1             1         
1           7 1111111     1         
1                         1         
1           1       1     1         
1           1       1     1         
1 111       1       1     1         
            1       1     1         
    1       1       1 11111         
    1       1                       
    1       1             1         
    1       1             1         
1 111 1111111 1111111111116 1111111 
                                    
1                                 1 
1                                 1 
1                                 1 
1                                 1 
1 11111 111111111111111 111 1111111 
                                    
      1               1   1         
      1               1   1         
      1               1   1         
      1               1   1         
      1 1111B   2 11111   1 11111   
                                    
            1   1               1   
            1   1               1   
1 111 1111111 111 11111111111 111   
                                    
1   1                       1   1   
1   1                       1   1   
1   1                       1   1   
1   1                       1   1   
1   1 111               1 111   1   
1                               1   
1       1               1       1   
1       1               1       1   
1 1111111 11111 111 11111 1111111   
                                    
        1     1   1     1           
        1     1   1     1           
        1     1   1     1           
        1     1   1     1           
  4 11111     1   1     1 11115     
              1   1                 
  1           1   1           1     
  1           1   1           1     
  1           1   1           1     
  1           1   1           1     
  1           1   1           1     
  1           1   1           1     
  1 1111111 111 211 111 1111111     
                                    
          1           1             
          1           1             
          1           1 11111       
          1                         
          1                 1       
          1                 1       
          1                 1       
          1                 1       
          1                 1       
          1                 1       
  1 1111111 11111111111111111 111   
                                    
  1       1                     1   
  1       1                     1   
  1       1 1111117111111       1   
  1                             1   
  1                     1       1   
  1                     1       1   
  1 111111111111  1111111 1111111   
                                    
                                    
                                    
                                    
                                    
                                    
                                    
                                    
                                    
                                    
                                    
                                    
                                    
*