Textures/grave1.bmp
8 0
8 106
0
30000000700000002 
1       1       1 
1   G   1  G    1 
1       1       1 
80070000:00007009 
1  1    1    1  1 
1K 1    1 J  1H 1 
1  1 300:002 1  1 
1  1 1  1  1 1  1 
1  1 400:005 1  1 
1  1    1    1  1 
1  1    1    1  1 
400:0000:0000:005 
   1    1    1    
   1  I 1L   1    
   402  1  305 G  
     1  1  1      
   H 400:005      
        1         
        1 I L I   
     300:002      
     1  1  1      
   305  1  402    
   1    1    1    
   1  K 1  J 1    
30060000:00006002 
1       1       1 
1       1       1 
1  I G  1 G L   1 
1       1       1 
1       1       1 
80000000:00000009 
1       1       1 
1       1       1 
1  L G  1 G I   1 
1       1       1 
1       1       1 
40000070:07000005 
      1 1 1       
   K  1 1 1 H     
  30005 1 40002   
  1     1     1   
G 1     1     1G  
  40002 1 30005   
      1 1 1       
      1 1 1       
300000:060:000002 
1     1   1     1 
402 305 L 402 305 
  1 1       1 1   
  1 400070005 1J  
  1     1     1   
  800000:000009   
  1     1     1   
  800000:000009   
K 1     1     1   
305   I 1I    402 
1       1       1 
1G   300:002  G 1 
1    1  1  1    1 
400009  1  800005 
     1  1  1      
   305  1  402    
   1    1    1    
   1L   1  L 1    
   402  1  305    
     1  1  1      
     42 1 35      
      80:09       
      1 1 1       
  J I 1 1 1 G     
      1 1 1       
      1 1 1       
 307005 1 400702  
 1 1    1    1 1  
 1 1 K  1  H 1 1  
 1 40700:00705 1  
 1   1  1  1   1  
 1   1G 1G 1   1  
 1   1  1  1   1  
 1   1  1  1   1  
 40705  1  40705  
   1    1    1    
   80000:00009    
3009    1    8002 
1  1    1    1  1 
1  1 L  1 I  1  1 
1  1    1    1  1 
1  40000:00005  1 
1       1       1 
4702 J  1    3075 
 1 1    1 K  1 1  
 1 40000:00005 1  
 1      1      1  
 4007000:0007005  
    1   1   1     
    1   1   1     
    1I  1 I 1     
    1   1   1     
    800060009     
    1       1     
    1       1     
    4000;0005     
        1         
        1         
    G   1  G      
        1         
*
1 111111111111111 111111111111111   
                                    
1               1               1   
1               1               1   
1               1               1   
1               1               1   
1               1               1   
1               1               1   
1 11111 111111111 111111111 11111   
                                    
1     1         1         1     1   
1     1         1         1     1   
1     1         1         1     1   
1     1         1         1     1   
1     1   4 11111 11115   1     1   
1     1                   1     1   
1     1   1     1     1   1     1   
1     1   1     1     1   1     1   
1     1   5 11111 11114   1     1   
1     1                   1     1   
1     1         1         1     1   
1     1         1         1     1   
1     1         1         1     1   
1     1         1         1     1   
: 11111 111111111 111111111 1111:   
                                    
      1         1         1         
      1         1         1         
      1         1         1         
      1         1         1         
      1 115     1     5 111         
                1                   
          1     1     1             
          1     1     1             
          1 11111 11111             
                                    
                1                   
                1                   
                1                   
                1                   
          1 11111 11111             
                                    
          1     1     1             
          1     1     1             
      1 116     1     6 111         
                1                   
      1         1         1         
      1         1         1         
      1         1         1         
      1         1         1         
6 11111 111111111 111111111 11114   
                                    
1               1               1   
1               1               1   
1               1               1   
1               1               1   
1               1               1   
1               1               1   
1               1               1   
1               1               1   
1               1               1   
1               1               1   
2 111111111111111 111111111111112   
                                    
1               1               1   
1               1               1   
1               1               1   
1               1               1   
1               1               1   
1               1               1   
1               1               1   
1               1               1   
1               1               1   
1               1               1   
4 11111111111 11: 111 11111111116   
                                    
            1   1   1               
            1   1   1               
            1   1   1               
            1   1   1               
    4 1111111   1   1 1111114       
                1                   
    1           1           1       
    1           1           1       
    1           1           1       
    1           1           1       
    5 1111111   1   1 1111115       
                1                   
            1   1   1               
            1   1   1               
            1   1   1               
            1   1   1               
1 11111111111 113 111 11111111111   
                                    
1           1       1           1   
1           1       1           1   
1 111   1 111       1 111   1 111   
                                    
    1   1               1   1       
    1   1               1   1       
    1   4 1111111 1111114   1       
    1                       1       
    1           1           1       
    1           1           1       
    1 1111111111; 11111111111       
                                    
    1           1           1       
    1           1           1       
    1 11111111111 11111111111       
                                    
    1           1           1       
    1           1           1       
1 118           1           8 111   
                1                   
1               1               1   
1               1               1   
1         6 11111 11116         1   
1                               1   
1         1     1     1         1   
1         1     1     1         1   
1 111111111     1     1 111111111   
                1                   
          1     1     1             
          1     1     1             
      1 111     1     1 111         
                1                   
      1         1         1         
      1         :         1         
      1         1         1         
      1         1         1         
      1 111     1     1 111         
                1                   
          1     1     1             
          1     1     1             
          3 1   1   1 3             
                1                   
            1 111 111               
                                    
            1   1   1               
            1   1   1               
            1   1   1               
            1   1   1               
            1   1   1               
            1   1   1               
            1   1   1               
            1   1   1               
  2 111 11111   1   1 11111 112     
                1                   
  1   1         1         1   1     
  1   1         1         1   1     
  1   1         1         1   1     
  1   1         1         1   1     
  1   1 111 11117 11111 111   1     
  1                           1     
  1       1     1     1       1     
  1       1     1     1       1     
  1       1     1     1       1     
  1       1     1     1       1     
  1       1     1     1       1     
  1       1     1     1       1     
  1       1     1     1       1     
  1       1     1     1       1     
  1 116 111     1     1 116 111     
                1                   
      1         1         1         
      1         1         1         
      1 111111111 111111111         
                                    
4 11111         1         1 11114   
                1                   
1     1         1         1     1   
1     1         1         1     1   
1     1         1         1     1   
1     1         1         1     1   
1     1         1         1     1   
1     1         1         1     1   
1     1 11111111; 111111111     1   
1                               1   
1               1               1   
1               1               1   
1 2 111         1         1 112 1   
                1                   
  1   1         1         1   1     
  1   1         1         1   1     
  1   1 111111111 111111111   1     
  1                           1     
  1             1             1     
  1             1             1     
  1 11115 1111111 1111115 11111     
                                    
        1       1       1           
        1       1       1           
        1       1       1           
        1       1       1           
        1       1       1           
        1       1       1           
        1       1       1           
        1       1       1           
        1 1111111 1111111           
                                    
        1               1           
        1               1           
        1               1           
        1               1           
        1 111111  1111111           
                                    
                                    
                                    
                                    
                                    
                                    
                                    
                                    
                                    
*