Textures/snow1.bmp
12 0
7 203
0
307000070000002   
1 1    1      1   
1 1A   1   D  1   
1 1    1 B    1   
806000060700009   
1        1    1   
1  D   C 1D   1   
1        1    1   
1        1    1   
1        1    1   
80707000060000602 
1 1 1           1 
1 1 1    D    C 1 
1 1 1           1 
1 1 1 C         1 
1 1 1           1 
1 1 1        B  1 
4060:000007070705 
    1     1 1 1   
    1     1 1 1   
    1     1 1 1   
    1 A   1 1 1   
    80000060676702
    1        1 1 1
    1  B B   1 1 1
    1        1 1 1
    1        1 1 1
    40007070060675
        1 1     1 
        1 1     1 
        1 1B    1 
     300:0:0000062
     1  1 1      1
     1  1 1D     1
     1  1 1   C  1
     1D 1 1      1
     4076060700709
       1    1  1 1
       1 B  1C 1 1
       1    1  1 1
       1  C 1B 1 1
       1    1  1 1
       1    1  1 1
   3000:0000600609
   1   1         1
   1   1         1
   1B  1 A   A   1
   1   1         1
   400767007070005
      1 1  1 1    
      1 1  1 1    
      1 1  1 1    
      1 1  1 1    
      1 1A 1 1    
  3000676006060702
  1    1       1 1
  1A   1C   A  1 1
  1    1       1 1
  1  C 1  A    1 1
  1    1       1 1
  1    1     A 1 1
  4000067070700605
        1 1 1     
        1 1 1     
        1 1 1     
        1 1 1     
        1 1 1     
        80:062    
        1 1  1    
        1 1A 1    
        1 1  1    
        1 1  1    
        80:075    
        1 1 1     
        1 1 1     
        1 1 1     
      306760670002
      1  1   1   1
      1  1C  1   1
      1  1   1 A 1
      1D 1   1   1
      1  1   1   1
      4706000:0705
       1     1 1  
       1     1 1  
       1     1 1  
       1 C   1 1  
       1     1 1  
  3007060000060602
  1  1           1
  1D 1  B    B   1
  1  1           1
  1  1        D  1
  1D 1           1
  1  1B          1
  4006700707070005
      1  1 1 1    
      1D 1 1 1    
      800606762   
      1     1 1   
      1A    1 1   
      1     1 1   
      1   C 1 1   
      1     1 1   
      1     1 1   
      800007675   
      1    1 1    
      1  A 1 1    
      1    1 1    
      1    1 1    
     36700067602  
     1 1    1  1  
     1 1  A 1A 1  
     80:00076075  
     1 1   1  1   
    36760006076002
    1 1      1   1
    1 1C   B 1 C 1
    1 1      1   1
    1 1   C  1   1
    1 1C     1 A 1
    1 1      1   1
    806000070:0005
    1      1 1    
    80000706067002
    1    1    1  1
    1B   1    1  1
    1    1    1D 1
    1    1D   1  1
    1    1    1  1
    80000607076005
    1      1 1    
3000:0000006062   
1   1         1   
1   1         1   
1B  1 D   B   1   
400760000070075   
   1      1  1    
   80007006009    
   1   1     1    
   47076700009    
    1 1 1    1    
    1 1 1    1    
    1 1 1  D 1    
    1 1 1    1    
  306767600009    
  1  1 1     1    
  1A 1 1A    1    
  40060:070705    
       1 1 1      
       1 1 1      
     30:0:060002  
     1 1 1     1  
     1 1 1  A  1  
     1 1 1     1  
     1 1 1     1  
     1 1 1  B  1  
     1 1 1     1  
     47606007009  
      1     1  1  
      1   C 1D 1  
      1     1  1  
      1     1  1  
      1     1  1  
      1B    1C 1  
300007600000607602
1    1        1  1
1 B  1 D  C   1A 1
470706007000006005
 1 1    1         
 1 1 C  1         
360:00006700002   
1  1     1    1   
1B 1C    1  B 1   
470607000600705   
 1   1      1     
 1   1 C    1     
 1   1      1     
 1 D 1   B  1     
36000600007062    
1         1  1    
1   C  A  1  1    
1         1A 1    
40700700076075    
  1  1   1  1     
  8076000600602   
  1 1         1   
  1 1C     C  1   
  4060070700075   
       1 1   1    
       1 1   1    
       1 1   1    
       1 1   1    
       1 1 A 1    
 3000006067009    
 1        1  1    
 1B    B  1D 1    
 400000;006005    
       1          
       1          
       1          
       1          
       1          
*
1 111 115111111 1111111111111       
                                    
1   1         1             1       
1   1         1             1       
1   1         1             1       
1   1         1             1       
1   1         1             1       
1   1         1             1       
1 111 211111111 111 111111111       
                                    
1                 1         1       
1                 1         1       
1                 1         1       
1                 1         1       
1                 1         1       
1                 1         1       
1                 1         1       
1                 1         1       
1                 1         1       
1                 1         1       
1 111 111 111111111 113111111 111   
                                    
1   1   1                       1   
1   1   1                       1   
1   1   1                       1   
1   1   1                       1   
1   1   1                       1   
1   1   1                       1   
1   1   1                       1   
1   1   1                       1   
1   1   1                       1   
1   1   1                       1   
1   1   1                       1   
1   1   1                       1   
1 111 111 11111181111 111 111 111   
                                    
        1           1   1   1       
        1           1   1   1       
        1           1   1   1       
        1           1   1   1       
        1           1   1   1       
        1           1   1   1       
        1           1   1   1       
        1           1   1   1       
        1 11111111111 111 1 1 1 111 
                                    
        1                 1   1   1 
        1                 1   1   1 
        1                 1   1   1 
        1                 1   1   1 
        1                 1   1   1 
        1                 1   1   1 
        1                 1   1   1 
        1                 1   1   1 
        1 1111111 111 01111 111 1 1 
                                    
                1   1           1   
                1   1           1   
                1   1           1   
                1   1           1   
                1   1           1   
                1   1           1   
          1 11411 111 11111111111 1 
                                    
          1     1   1             1 
          1     1   1             1 
          1     1   1             1 
          1     1   1             1 
          1     1   1             1 
          1     1   1             1 
          1     1   1             1 
          1     1   1             1 
          1 111 1 111 111 11111 211 
                                    
              1         1     1   1 
              1         1     1   1 
              1         1     1   1 
              1         1     1   1 
              1         1     1   1 
              1         1     1   1 
              1         1     1   1 
              1         1     1   1 
              1         1     1   1 
              1         1     1   1 
              1         1     1   1 
              1         1     1   1 
      1 1141111 111111111 11111 111 
                                    
      1       1                   1 
      1       1                   1 
      1       1                   1 
      1       1                   1 
      1       1                   1 
      1       1                   1 
      1       1                   1 
      1       1                   1 
      1 11111 1 1 11111 111 1111711 
                                    
            1   1     1   1         
            1   1     1   1         
            1   1     1   1         
            1   1     1   1         
            1   1     1   1         
            1   1     1   1         
            1   1     1   1         
            1   1     1   1         
            1   1     1   1         
            1   1     1   1         
    1 6111111 1 1 11111 111 111 111 
                                    
    1         1               1   1 
    1         1               1   1 
    1         1               1   1 
    1         1               1   1 
    1         1               1   1 
    1         1               1   1 
    1         1               1   1 
    1         1               1   1 
    1         1               1   1 
    1         1               1   1 
    1         1               1   1 
    1         1               1   1 
    0 111111111 1 111 111 11111 111 
                                    
                1   1   1           
                1   1   1           
                1   1   1           
                1   1   1           
                1   1   1           
                1   1   1           
                1   1   1           
                1   1   1           
                1   1   1           
                1   1   1           
                1 411 111 1         
                                    
                1   1     1         
                1   1     1         
                1   1     1         
                1   1     1         
                1   1     1         
                1   1     1         
                1   1     1         
                1   1     1         
                1 111 111 1         
                                    
                1   1   1           
                1   1   1           
                1   1   1           
                1   1   1           
                1   1   1           
                1   1   1           
            1 111 1 1 111 1 1111111 
                                    
            1     1       1       1 
            1     1       1       1 
            1     1       1       1 
            1     1       1       1 
            1     1       1       1 
            1     1       1       1 
            1     1       1       1 
            1     1       1       1 
            1     1       1       1 
            1     1       1       1 
            1 1 111 1111111 111 111 
                                    
              1           1   1     
              1           1   1     
              1           1   1     
              1           1   1     
              1           1   1     
              1           1   1     
              1           1   1     
              1           1   1     
              1           1   1     
              1           1   1     
    1 11111 111 11111111111 111 111 
                                    
    1     1                       1 
    1     1                       1 
    1     1                       1 
    1     1                       1 
    1     1                       1 
    1     1                       1 
    1     1                       1 
    1     1                       1 
    1     1                       1 
    1     1                       1 
    1     1                       1 
    1     1                       1 
    1 11011 1 11111 111 111 1111111 
                                    
            1     1   1   1         
            1     1   1   1         
            1     1   1   1         
            1     1   1   1         
            1 11111 611 1 1 1       
                                    
            1           1   1       
            1           1   1       
            1           1   1       
            1           1   1       
            1           1   1       
            1           1   1       
            1           1   1       
            1           1   1       
            1           1   1       
            1           1   1       
            1           1   1       
            1           1   1       
            1 111111111 1 1 1       
                                    
            1         1   1         
            1         1   1         
            1         1   1         
            1         1   1         
            1         1   1         
            1         1   1         
            1         1   1         
            1         1   1         
          1 1 1 1111111 1 1 111     
                                    
          1   1         1     1     
          1   1         1     1     
          1   1         1     1     
          1   1         1     1     
          1 111 1111111 1 111 1     
                                    
          1   1       1     1       
          1   1       1     1       
        1 1 1 1 1111111 111 1 11111 
                                    
        1   1             1       1 
        1   1             1       1 
        1   1             1       1 
        1   1             1       1 
        1   1             1       1 
        1   1             1       1 
        1   1             1       1 
        1   1             1       1 
        1   1             1       1 
        1   1             1       1 
        1   1             1       1 
        1   1             1       1 
        1 111 111111111 111 1101111 
                                    
        1             1   1         
        1             1   1         
        1 111111111 111 111 1 11111 
                                    
        1         1         1     1 
        1         1         1     1 
        1         1         1     1 
        1         1         1     1 
        1         1         1     1 
        1         1         1     1 
        1         1         1     1 
        1         1         1     1 
        1         1         1     1 
        1         1         1     1 
        1 111111112 111 111 1 11111 
                                    
        1             1   1         
        1             1   1         
1 4111111 1111111111111 111 1       
                                    
1       1                   1       
1       1                   1       
1       1                   1       
1       1                   1       
1       1                   1       
1       1                   1       
1 11111 1 11111111111 81111 1       
                                    
      1             1     1         
      1             1     1         
      1 1111111 11111 11411         
                                    
      1       1           1         
      1       1           1         
      1 1 111 1 1 111111111         
                                    
        1   1   1         1         
        1   1   1         1         
        1   1   1         1         
        1   1   1         1         
        1   1   1         1         
        1   1   1         1         
        1   1   1         1         
        1   1   1         1         
    1 111 1 1 1 1 111111111         
                                    
    1     1   1           1         
    1     1   1           1         
    1     1   1           1         
    1     1   1           1         
    1 21111 111 111 111 111         
                                    
              1   1   1             
              1   1   1             
              1   1   1             
              1   1   1             
          1 111 111 111 1111411     
                                    
          1   1   1           1     
          1   1   1           1     
          1   1   1           1     
          1   1   1           1     
          1   1   1           1     
          1   1   1           1     
          1   1   1           1     
          1   1   1           1     
          1   1   1           1     
          1   1   1           1     
          1   1   1           1     
          1   1   1           1     
          1 1 1 111 11111 11711     
                                    
            1           1     1     
            1           1     1     
            1           1     1     
            1           1     1     
            1           1     1     
            1           1     1     
            1           1     1     
            1           1     1     
            1           1     1     
            1           1     1     
            1           1     1     
            1           1     1     
1 111111111 1 11111111111 111 1 111 
                                    
1         1                 1     1 
1         1                 1     1 
1         1                 1     1 
1         1                 1     1 
1 1 111 111 11911 11111111111 11111 
                                    
  1   1         1                   
  1   1         1                   
  1   1         1                   
  1   1         1                   
1 1 111 111111111 1 113111111       
                                    
1     1           1         1       
1     1           1         1       
1     1           1         1       
1     1           1         1       
1 1 111 111 1111111 11111 111       
                                    
  1       1             1           
  1       1             1           
  1       1             1           
  1       1             1           
  1       1             1           
  1       1             1           
  1       1             1           
  1       1             1           
1 1 1111111 111111111 111 1         
                                    
1                   1     1         
1                   1     1         
1                   1     1         
1                   1     1         
1                   1     1         
1                   1     1         
1 111 11111 1111111 1 111 1         
                                    
    1     1       1     1           
    1     1       1     1           
    1 111 1 6111111 11111 111       
                                    
    1   1                   1       
    1   1                   1       
    1   1                   1       
    1   1                   1       
    1 111 11111 911 1111111 1       
                                    
              1   1       1         
              1   1       1         
              1   1       1         
              1   1       1         
              1   1       1         
              1   1       1         
              1   1       1         
              1   1       1         
              1   1       1         
              1   1       1         
  1 41111111111 111 1 11111         
                                    
  1                 1     1         
  1                 1     1         
  1                 1     1         
  1                 1     1         
  1 21111111111111111 11111         
                                    
                                    
                                    
                                    
                                    
                                    
                                    
                                    
                                    
                                    
                                    
*