Textures/town2.bmp
13 0
15 152
0
300002     300002 
1    1  E  1    1 
407005     400705 
  1           1   
306070007000009   
1   1   1     1   
1   1   1     1   
1B  1   1     1   
1   1   1 A   1   
407060006007006002
  1        1     1
  1G     G 1     1
  1   E    1 C   1
  4000007076000705
        1 1    1  
    F   1 1 F  1  
  3000006760000602
  1      1       1
  4700070607000005
   1   1   1      
   1   1G  1 E    
   407060076000002
     1    1      1
300009 F  1   G  1
1    1    1      1
400706070060000005
   1   1          
   1   80002      
   1   1   1   B  
   40006000:002   
           1  1   
   E       1  8002
       D   1  1  1
    30000009  1  1
    1      1  1  1
 3009F G F 1  8005
 1  1      1  1   
 1  1      8009   
 800:0000009  1   
 1  1      1E 1   
 1  1  H   1  1   
 1  8000000:005   
 1  1      1      
 4009G   G 800002 
    1      1    1 
    8007000600705 
    1  1      1   
30009  1      1   
1   1  1  D   1   
40006076000000:002
      1       1  1
      1E    E 1  1
      1       1  1
  3000607000009  1
  1     1     1  1
  1     1     8005
  1B    1  C  1   
306007006007006002
1    1     1     1
1 E  1     1  E  1
407076000006000009
  1 1            1
  1 1 H          1
  1 80000002  B  1
  1 1      1     1
  1 1      1E    1
  40:0000706000005
    1    1        
    1 F  1G       
 3009    80000002 
 1  1    1      1 
 1  1    1      1 
 400:000060070075 
    1       1  1  
    1G  H   1  1  
    40707000:005  
      1 1   1     
3000009 1   1     
1     1 1   1 E   
1     1 1   1     
4700009 8000:00002
 1    1 1   1    1
 1 F  809 E 1    1
 1    1 1   1    1
 800009 1   1A   1
 1    1 4000:00009
 1 G  1     1    1
 1    1     1 G  1
 1    1     1    1
 1    1  C  1E   1
 40700607000607005
   1    1     1   
   1 F  1     1   
   1    1   H 1   
300600706007006002
1     1    1     1
1     1 G  1  F  1
1 B   1    1     1
400700607006070075
   1    1    1  1 
   1 E  1 E  1  1 
   1    1    1  1 
   80000600009  1 
   1         1  1 
   1    E    1  1 
   1C     B  1  1 
3006070000700:005 
1    1    1  1    
1    1    1  1    
40000:00009  1    
     1    1  1    
     1 G  1  1    
     1    1  1    
30000:00009  1    
1    1    80060002
1    1 F  1      1
1    1    1      1
1 C  1    1 E B  1
4007067000:0000009
   1  1   1      1
   1F 1 G 1      1
   1  1   80000005
   1  1   1       
   1  1   1       
   80060006002    
3009         1    
1  1         1    
8009         1 E  
1  1A    A   1    
1  8007000700:002 
1  1  1   1  1  1 
1  1  1G  1  1  1 
1  1E 1   1  1  1 
1  1  1H  1  4705 
4705  40705   1   
 1      1     1   
 1F   F 1     1D  
 1      1   E 1   
 1      1     1   
 8007000600000:002
 1  1         1  1
 1  1G      G 1  1
 1  1         1  1
 1  1   B     1  1
 40060000000076009
             1   1
             1   1
          C  40;05
               1  
               1  
               1  
               1  
               1  
*
1 111111111           1 111111111   
                                    
1         1           1         1   
1         1           1         1   
1 111 11111           1 11111 111   
                                    
    1                       1       
    1                       1       
3 111 111 1111111 11111111111       
                                    
1       1       1           1       
1       1       1           1       
1       1       1           1       
1       1       1           1       
1       1       1           1       
1       1       1           1       
1       1       1           1       
1       1       1           1       
1 111 118 1111111 11111 11112 11111 
                                    
    1                 1           1 
    1                 1           1 
    1                 1           1 
    1                 1           1 
    1                 1           1 
    1                 1           1 
    1 11111111111 111 1 1111111 111 
                                    
                1   1         1     
                1   1         1     
                1   1         1     
                1   1         1     
    1 11111111114 1 1 111111111 111 
                                    
    1             1               1 
    1             1               1 
    1 1 1111111 111 111 11111111113 
                                    
      1       1       1             
      1       1       1             
      1       1       1             
      1       1       1             
      1 115 111 11111 1 11111111111 
                                    
          1         1             1 
          1         1             1 
1 111111111         1             1 
                    1             1 
1         1         1             1 
1         1         1             1 
1 11116 111 111 11111 1111111111112 
                                    
      1       1                     
      1       1                     
      1       1 1111111             
      1                             
      1       1       1             
      1       1       1             
      1 1111111 1111111 11111       
                                    
                      1     1       
                      1     1       
                      1     1 11113 
                      1             
                      1     1     1 
                      1     1     1 
        : 1111111111111     1     1 
                            1     1 
        1             1     1     1 
        1             1     1     1 
  1 11111             1     1 11111 
                      1             
  1     1             1     1       
  1     1             1     1       
  1     1             1 11115       
  1     1                           
  6 11111 1111111111111     1       
                            1       
  1     1             1     1       
  1     1             1     1       
  1     1             1     1       
  1     1             1     1       
  1     1 1111111111111 11111       
  1                                 
  1     1             1             
  1     1             1             
  1 11111             ; 111111111   
                                    
        1             1         1   
        1             1         1   
        6 11111 1111111 11111 111   
                                    
        1     1             1       
        1     1             1       
1 1111111     1             1       
              1             1       
1       1     1             1       
1       1     1             1       
1 1111111 111 1 1111111111115 11111 
                                    
            1               1     1 
            1               1     1 
            1               1     1 
            1               1     1 
            1               1     1 
            1               1     1 
    1 1111112 111 11111111111     1 
                                  1 
    1           1           1     1 
    1           1           1     1 
    1           1           1 11111 
    1           1                   
    1           1           1       
    1           1           1       
1 111 11111 11111 11111 11111 11111 
                                    
1         1           1           1 
1         1           1           1 
1         1           1           1 
1         1           1           1 
5 111 111 1 11111111114 11111111111 
                                    
    1   1                         1 
    1   1                         1 
    1   1                         1 
    1   1                         1 
    1   1 1111111111111           1 
    1                             1 
    1   1             1           1 
    1   1             1           1 
    1   1             1           1 
    1   1             1           1 
    1 111 111111111 111 1111111111; 
                                    
        1         1                 
        1         1                 
        1         1                 
        1         1                 
  6 11111         1 1111111111111   
                                    
  1     1         1             1   
  1     1         1             1   
  1     1         1             1   
  1     1         1             1   
  3 11111 111111111 11111 11117 1   
                                    
        1               1     1     
        1               1     1     
        1               1     1     
        1               1     1     
        1 111 111 1111112 11111     
                                    
            1   1       1           
            1   1       1           
1 11111111111   1       1           
                1       1           
1           1   1       1           
1           1   1       1           
1           1   1       1           
1           1   1       1           
1 1 111111111   1 1111111 111111111 
                                    
  1         6   1       1         1 
  1         1   1       1         1 
  1         1 111       1         1 
  1                     1         1 
  1         1   1       1         1 
  1         1   1       1         1 
  1 111111111   1       1         1 
                1       1         1 
  1         1   1 1111111 111111113 
  1         1                       
  1         1           1         1 
  1         1           1         1 
  1         1           1         1 
  1         1           1         1 
  1         1           1         1 
  1         1           1         1 
  1         1           1         1 
  1         1           1         1 
  1 111 1111; 111 1111111 114 11111 
                                    
      1         1           1       
      1         1           1       
      1         1           1       
      1         1           1       
      1         1           1       
      1         1           1       
1 11111 11111 111 11111 11111 11111 
                                    
1           1         1           1 
1           1         1           1 
1           1         1           1 
1           1         1           1 
1           1         1           1 
1           1         1           1 
6 11111 11111 111 11111 111 11117 1 
                                    
      1         1         1     1   
      1         1         1     1   
      1         1         1     1   
      1         1         1     1   
      1         1         1     1   
      1         1         1     1   
      1 111111112 111111111     1   
                                1   
      1                   1     1   
      1                   1     1   
      1                   1     1   
      1                   1     1   
      1                   1     1   
      1                   1     1   
1 11111 111 111111113 11111 11111   
                                    
1         1         1     1         
1         1         1     1         
1         1         1     1         
1         1         1     1         
1 111111111 111111111     1         
                          1         
          1         1     1         
          1         1     1         
          1         1     1         
          1         1     1         
          1         1     1         
          1         1     1         
1 11111111: 111111111     1         
                          1         
1         1         1 11111 1111111 
1         1                         
1         1         1             1 
1         1         1             1 
1         1         1             1 
1         1         1             1 
1         1         1             1 
1         1         1             1 
1 11113 111 1 1111111 1111111111114 
                                    
      1     1       1             1 
      1     1       1             1 
      1     1       1             1 
      1     1       1             1 
      1     1       2 1111111111111 
      1     1                       
      1     1       1               
      1     1       1               
      1     1       1               
      1     1       1               
      1 11111 1111111 11111         
                                    
1 11111                   1         
                          1         
1     1                   1         
1     1                   1         
5 11111                   1         
                          1         
1     1                   1         
1     1                   1         
1     1 11118 1111111 11111 11111   
1                                   
1     1     1       1     1     1   
1     1     1       1     1     1   
1     1     1       1     1     1   
1     1     1       1     1     1   
1     1     1       1     1     1   
1     1     1       1     1     1   
1     1     1       1     1 : 111   
1     1     1       1               
1 2 111     1 111 111       1       
                            1       
  1             1           1       
  1             1           1       
  1             1           1       
  1             1           1       
  1             1           1       
  1             1           1       
  1             1           1       
  1             1           1       
  1 11111 1111113 11111111111 11111 
                                    
  1     1                   1     1 
  1     1                   1     1 
  1     1                   1     1 
  1     1                   1     1 
  1     1                   1     1 
  1     1                   1     1 
  1     1                   1     1 
  1     1                   1     1 
  1 11111 11111111121111111 1 11111 
                                    
                          1       1 
                          1       1 
                          1       1 
                          1       1 
                          1 11  111 
                                    
                                    
                                    
                                    
                                    
                                    
                                    
                                    
                                    
                                    
                                    
*